Token set: [*, +, -, ., /, 0, 1, 2, 3, 4, 5, 6, 7, 8, 9, =]

bounds = [161.6632, 57.790268, 270.93555, 198.61423]
recogWinner = 3
recogPs = [7.488464091164616E-12, 2.22537432025412E-9, 7.294650544221345E-19, 6.96637429411363E-4, 6.54831645564785E-10, 1.0290841642557E-11, 3.5264228287799374E-9, 8.686211825479959E-10, 0.9954507052868223, 4.6478751467224255E-12, 7.61754071390991E-8, 2.456135689027164E-13, 1.8509736070452547E-13, 4.901170099159796E-8, 3.707027610846774E-4, 1.695685638504044E-12]

bounds = [309.3555, 125.70537, 372.22452, 130.69913]
recogWinner = -
recogPs = [3.9979895144120063E-13, 5.092190991472265E-7, 0.999949741395576, 0.007344887735362474, 0.05947121364231166, 1.0E-20, 6.491494163242571E-8, 8.073798879530301E-15, 1.858285526358427E-14, 3.7939874224712834E-11, 7.697262818351246E-11, 1.0E-20, 1.4134707198031227E-10, 1.0E-20, 3.2587648507861544E-18, 1.5443499105079817E-7]

