Token set: [*, +, -, ., /, 0, 1, 2, 3, 4, 5, 6, 7, 8, 9, =]

bounds = [24.948025, 157.66544, 123.7422, 338.93884]
recogWinner = 9
recogPs = [1.0E-20, 1.4387537974473287E-19, 1.4531553291931118E-6, 0.0017403778041069381, 4.8706564169506944E-4, 0.002733592413784706, 2.4410109388208003E-5, 2.636029024623172E-13, 8.02648501367601E-12, 1.0E-20, 0.0032506477392955343, 8.334329884961685E-19, 6.533946913939402E-5, 0.16907030010155974, 0.935978188093904, 5.307949584189127E-4]

bounds = [170.68224, 197.04071, 282.68155, 300.9823]
recogWinner = 0
recogPs = [3.478637740623675E-10, 7.918546211044769E-12, 9.810870111403729E-7, 0.01320292462743201, 0.0020975589177200165, 0.9334523494047552, 0.002646132650210696, 2.4868751807410445E-10, 1.4915320938625889E-7, 8.605830886018966E-7, 2.5587885355659052E-6, 1.0E-20, 1.9348767626570927E-7, 1.993582403613763E-13, 1.0E-20, 1.8168615700951658E-4]

bounds = [336.29938, 184.63171, 439.08524, 273.6004]
recogWinner = 0
recogPs = [4.593611288760478E-19, 2.9065279364780726E-12, 1.6219650345089618E-4, 0.013780402245623496, 0.005596144207113714, 0.024523603692062624, 0.0031121467416697825, 4.265657013826523E-14, 1.7432437101661692E-11, 1.584692556865524E-13, 1.1447949211017447E-11, 1.0E-20, 6.8317104969306445E-6, 1.2510829985173301E-12, 1.421131720775571E-14, 8.482046534228645E-6]

