Token set: [*, +, -, ., /, 0, 1, 2, 3, 4, 5, 6, 7, 8, 9, =]

bounds = [61.852894, 144.68166, 135.89458, 272.68832]
recogWinner = 6
recogPs = [2.104789491041924E-11, 5.0393760155683E-8, 2.5422371071239664E-15, 0.008449479985183176, 3.921792740199231E-10, 1.9421166819430046E-6, 0.0026367783032763582, 1.0E-20, 1.0E-20, 0.0018138265666274996, 5.023233614709543E-9, 0.9966985131524981, 1.0E-20, 1.2860193078708541E-14, 1.1713589432937684E-14, 3.2613621533559463E-7]

bounds = [154.67775, 145.6804, 239.68837, 269.5256]
recogWinner = 8
recogPs = [8.109931766669102E-8, 6.956965581717397E-10, 6.236673184028132E-11, 0.0012317188567339068, 1.5112686194140482E-5, 2.216394095845799E-11, 0.012986074995018226, 1.7329654569130722E-11, 2.2871716214465827E-8, 3.147803823517847E-8, 0.04220587612632156, 0.006149494155609911, 2.6590901769930225E-17, 0.9254598484467658, 7.374823548099934E-4, 6.272608675197527E-14]

bounds = [226.52806, 45.805252, 292.64914, 161.66043]
recogWinner = 7
recogPs = [5.845006061165986E-10, 2.3201006497589095E-6, 6.220991719979113E-13, 0.006347430222559483, 9.559860613309253E-10, 1.0E-20, 3.692222982304357E-8, 7.037765410817007E-12, 0.0013633029035666213, 1.193729977248563E-12, 1.3292406973773252E-7, 1.1337985710788679E-20, 0.9900202325963857, 5.3912016891271536E-12, 1.792745438059887E-4, 1.6374460102704024E-6]

bounds = [318.3368, 55.792755, 422.12057, 161.66043]
recogWinner = 5
recogPs = [3.3149365079215624E-7, 0.0010133984961035976, 1.5991201370275322E-4, 0.018517330558033604, 1.7895169411841587E-7, 2.1091292773683085E-15, 0.037367970744981195, 6.38396179982641E-10, 9.75146075991481E-13, 0.1263212472613228, 0.9381623848879292, 0.018089439578085734, 3.1534278012126617E-10, 2.8697441762357805E-6, 2.8727925079261734E-4, 0.024362396645009905]

