Token set: [*, +, -, ., /, 0, 1, 2, 3, 4, 5, 6, 7, 8, 9, =]

bounds = [55.129593, 198.133, 162.43924, 317.46567]
recogWinner = 0
recogPs = [2.8935707724666695E-15, 4.132892777397355E-17, 1.3139501352749763E-8, 0.003753218240283654, 0.0015337443639911416, 0.9836782090880265, 9.680182829437039E-4, 3.6939156654166885E-12, 5.246305618018246E-7, 1.656204826571564E-13, 6.158136135892592E-6, 4.233656667857095E-9, 5.909692908361152E-8, 2.876466168337759E-11, 1.0E-20, 3.563014275367174E-4]

bounds = [205.28017, 205.6055, 299.32196, 328.24115]
recogWinner = 0
recogPs = [1.5214957905845184E-14, 1.891931391984316E-16, 1.9380887524492205E-7, 0.0023403804601011837, 4.611833930043246E-4, 0.012149196812449995, 8.200084761331697E-4, 4.110037403421147E-5, 8.070626504932469E-10, 1.8138747488475798E-10, 0.002101099916439671, 0.0028067594561274577, 6.099512993488299E-8, 0.0010171951186725798, 2.0429434989310008E-20, 3.7935448247209156E-4]

bounds = [352.76508, 176.77182, 431.10187, 324.9563]
recogWinner = 9
recogPs = [5.886028657529771E-5, 2.412636706237138E-6, 2.7189333287278327E-5, 0.0038584977770679428, 0.12221806970595966, 5.505443153259289E-10, 0.005948269975292217, 2.387888636345319E-11, 0.3408468146171795, 8.102268049027809E-18, 0.0015521612245773745, 1.0E-20, 0.00892842698999519, 4.822916374128945E-7, 0.9430343168456926, 1.4309814535010614E-6]

