Token set: [*, +, -, ., /, 0, 1, 2, 3, 4, 5, 6, 7, 8, 9, =]

bounds = [23.451143, 216.4654, 140.20789, 307.29794]
recogWinner = 2
recogPs = [0.005970806986816197, 2.549878711959445E-4, 1.644974936273284E-5, 0.006648622862816626, 4.093495536990553E-6, 2.0324398667509296E-6, 0.0025075996783336, 0.9063072257781791, 0.00862447867617082, 1.5337400824204222E-15, 3.258578698925114E-4, 7.095975958570298E-15, 0.001514310795428445, 7.6190604828359275E-6, 1.3117858978284024E-13, 0.010236242695282026]

bounds = [221.2312, 206.60425, 235.50935, 309.3994]
recogWinner = 1
recogPs = [4.404371986354289E-7, 2.4198142076603924E-10, 4.2059908606883155E-7, 0.3648373892046788, 0.02908524838920978, 1.0E-20, 0.93529841197292, 0.0032140814237017422, 1.0E-20, 5.947863479214352E-9, 1.576132153142223E-7, 1.0E-20, 2.0675171971646827E-5, 1.905621927778928E-14, 8.531651655637901E-13, 3.4291362537739054E-8]

bounds = [285.4054, 250.68854, 335.30145, 257.20203]
recogWinner = -
recogPs = [3.317936558982502E-6, 3.695044343526826E-5, 0.9903291033577685, 0.019908960756281253, 7.040236840863366E-5, 1.0E-20, 2.7234144309639616E-4, 1.162653382429509E-11, 1.0E-20, 4.642791645617267E-20, 0.06864494672779665, 1.8358121168731826E-14, 4.5361383129136606E-5, 5.898462026884946E-7, 1.800253522527806E-13, 0.026926296124989587]

bounds = [369.23077, 193.62048, 471.0187, 330.13382]
recogWinner = 5
recogPs = [0.03525053355223058, 9.961023029645857E-4, 1.435884192009392E-16, 0.01624135076414938, 0.001728844935726444, 3.8885673740994525E-5, 0.018645808428298574, 1.2874235796359542E-4, 0.004292339326497047, 0.050369192574171176, 0.9427794266182756, 2.4895591306940895E-15, 0.007486415395101402, 0.005248201912172689, 0.0328862771933059, 0.020469961121557974]

