Token set: [*, +, -, ., /, 0, 1, 2, 3, 4, 5, 6, 7, 8, 9, =]

bounds = [226.3648, 90.74907, 240.49896, 234.00955]
recogWinner = /
recogPs = [1.0E-20, 1.0E-20, 2.264439641173552E-9, 0.02907263168038931, 0.18625676052304344, 1.0E-20, 0.1386630124457311, 5.117078304916437E-16, 1.0E-20, 1.6313371701388263E-16, 9.627930556937988E-7, 1.0E-20, 8.069822892315725E-8, 0.018456592958910042, 1.6022870801177167E-16, 1.0017618886437783E-7]

bounds = [62.869022, 278.37344, 344.28275, 285.5056]
recogWinner = -
recogPs = [1.5442680904733205E-18, 3.440956783443567E-8, 0.9999991720211762, 0.006782487348139811, 5.70010801079545E-4, 1.0E-20, 1.9451109776037762E-6, 1.0E-20, 1.0E-20, 1.0E-20, 6.205642712565402E-10, 1.0E-20, 4.954991614764457E-5, 1.0E-20, 1.0E-20, 0.0022067473286933206]

bounds = [49.776703, 329.02164, 154.67775, 433.32086]
recogWinner = 2
recogPs = [1.6761326052748336E-15, 1.9950545608905757E-18, 1.0E-20, 7.487956673866331E-4, 3.413752294075405E-12, 1.0E-20, 3.362220787339022E-13, 0.9806490851292146, 1.0E-20, 1.0E-20, 1.0E-20, 1.0E-20, 0.019491365077642542, 1.0E-20, 8.044971370570805E-18, 1.1995794312478833E-4]

bounds = [160.66528, 357.41574, 250.47816, 425.8302]
recogWinner = +
recogPs = [0.32528371174992643, 0.7515820991304795, 3.620790176648497E-6, 0.0012535352882932927, 0.008706614730713696, 9.011724588925649E-7, 5.020990785467001E-4, 3.631233579879831E-5, 0.008650950372592734, 9.65256780040428E-8, 0.02198053255262654, 8.809622925972429E-15, 9.723933259017633E-6, 6.85614008394227E-4, 0.03184991507030192, 6.180468028618641E-5]

bounds = [313.2803, 305.48065, 332.30768, 440.513]
recogWinner = 1
recogPs = [8.25773537944284E-19, 1.0E-20, 2.1105373974335718E-10, 0.023032767987043914, 0.019178249523537735, 1.0E-20, 0.504665387212272, 4.904831600664151E-9, 1.0E-20, 1.32230209084493E-10, 1.3057293798568372E-5, 1.1997770942632506E-5, 7.045415357933696E-8, 6.047099207659901E-4, 8.403457633595336E-11, 5.238994933264949E-6]

