Token set: [*, +, -, ., /, 0, 1, 2, 3, 4, 5, 6, 7, 8, 9, =]

bounds = [62.87058, 193.62048, 190.6029, 322.4579]
recogWinner = 2
recogPs = [7.716369103461145E-7, 9.116713351810417E-5, 2.11453302635474E-8, 8.609753532123011E-4, 2.141371434437019E-7, 5.7199838685259105E-15, 1.618270077821706E-7, 0.985086954383383, 0.0014047458750240504, 1.1734799012852803E-7, 0.0021522702364543335, 3.283524303929583E-13, 4.109697242294826E-5, 5.284321222933916E-9, 1.1857656404825121E-5, 0.055258465750012566]

bounds = [179.62578, 105.66443, 238.05222, 186.62921]
recogWinner = 3
recogPs = [9.347016703593468E-8, 1.2866035301384215E-4, 3.647373367216517E-14, 0.00966945510777334, 7.2529134452203E-10, 3.3330886742749265E-14, 2.34539131874072E-9, 8.347578599212741E-8, 0.9721407711367446, 3.9791320910732794E-8, 8.487946164555022E-8, 1.7583233569456406E-11, 4.2857901112500984E-7, 1.5977329009235322E-7, 4.7998196532802854E-4, 2.0384464172400604E-8]

bounds = [250.73161, 102.734085, 314.34512, 173.64545]
recogWinner = 4
recogPs = [0.05434339299034774, 0.009237170029627316, 8.900300703709465E-9, 0.004585978907720713, 3.899059180093947E-10, 4.8765127667666745E-9, 0.00533358905005329, 1.0E-20, 8.625620006829038E-13, 0.7896774471727084, 5.719730478343513E-9, 6.909798784656047E-4, 4.376517564173601E-12, 6.050967341110966E-7, 9.167521661829366E-9, 2.842485799126234E-10]

