Token set: [*, +, -, ., /, 0, 1, 2, 3, 4, 5, 6, 7, 8, 9, =]

bounds = [46.450336, 200.45212, 145.69647, 304.98126]
recogWinner = 2
recogPs = [0.0035920813493343132, 1.1166425556561775E-5, 1.2925201889480963E-6, 0.012949336254092914, 1.0738221165783087E-6, 1.0E-20, 2.497598015402204E-4, 0.817100027711314, 4.82958105955317E-6, 3.9215112284311393E-17, 1.0E-20, 1.4864172160463584E-12, 1.549561308833888E-5, 1.0E-20, 1.0E-20, 0.03644387255187066]

bounds = [199.5842, 201.6105, 219.54262, 303.48315]
recogWinner = 1
recogPs = [4.719151500297401E-12, 1.0E-20, 3.2320923568352653E-13, 0.13604580772608696, 0.6258127664789056, 1.0E-20, 0.7678837984521906, 6.2756377479304E-12, 1.0E-20, 2.668799667630411E-16, 1.2975382862577216E-7, 1.1477473779190486E-17, 1.323670679218542E-5, 2.673289907760456E-12, 8.528903486790088E-6, 9.827871186603097E-10]

bounds = [264.44907, 214.59427, 330.31186, 288.03925]
recogWinner = +
recogPs = [0.2162763059734065, 0.9632165317634582, 3.371586323047382E-4, 4.715496441795588E-4, 1.1893511849700344E-4, 1.0E-20, 0.0033803604380462883, 6.257693809589088E-6, 1.0E-20, 6.358386001184848E-4, 8.8243757965836E-5, 6.724390899220223E-11, 1.7369089188034998E-5, 4.236227073354215E-5, 0.0022489777586338186, 9.619011124120006E-5]

bounds = [339.29315, 156.66669, 460.79855, 342.43448]
recogWinner = 3
recogPs = [1.0E-20, 1.0E-20, 4.250216561069026E-5, 0.008596339764497474, 0.007971558080058658, 2.9902591975409455E-7, 4.451558604357665E-4, 1.0591807024045755E-17, 0.998026498008366, 1.0E-20, 5.006142310528792E-4, 1.0E-20, 3.6689026934400525E-4, 5.395726002854465E-8, 8.679204526982341E-12, 6.061002112344998E-6]

