Token set: [*, +, -, ., /, 0, 1, 2, 3, 4, 5, 6, 7, 8, 9, =]

bounds = [219.54262, 117.73926, 355.42502, 285.5056]
recogWinner = 3
recogPs = [1.0459099615920829E-7, 0.004202150323975059, 3.436764717678284E-15, 0.005413801456144501, 2.6750653835075755E-9, 1.0139496170947313E-15, 4.713297809301023E-9, 2.4618104910249034E-7, 0.8866064388749715, 7.137848446348511E-7, 4.7510426044332596E-8, 1.302765070706441E-11, 4.482965933596435E-7, 5.377741354896299E-8, 1.6739606220254826E-4, 8.021050156738417E-8]

bounds = [89.81289, 166.65417, 194.59459, 270.8001]
recogWinner = +
recogPs = [1.8820990787812816E-5, 0.7480783057325121, 8.791523874683117E-12, 0.012039526238762558, 5.883262667031127E-7, 1.0E-20, 5.560020058051894E-7, 1.538075941790134E-12, 8.509257021851842E-10, 0.005068309944183853, 2.914071614382706E-15, 7.775509546567736E-14, 1.0320767468566917E-19, 4.1216612592799386E-15, 1.4394339209116429E-8, 9.725240026131551E-17]

