Token set: [*, +, -, ., /, 0, 1, 2, 3, 4, 5, 6, 7, 8, 9, =]

bounds = [21.988987, 179.64563, 121.74636, 280.51187]
recogWinner = 2
recogPs = [7.856464539395971E-8, 2.464091523860011E-10, 0.0030014756227677982, 0.004223036364062987, 0.011638486066978962, 2.6865770244265115E-9, 0.011418446136007909, 0.8637677093879663, 0.01913473586572221, 4.2335108307180487E-19, 0.008045216114500164, 1.0808398438523598E-6, 0.010756986554067614, 0.003089698288503027, 0.30663818155482436, 0.006505555709711196]

bounds = [153.87787, 182.63422, 165.65488, 281.79355]
recogWinner = 1
recogPs = [3.0023810756986277E-9, 1.0E-20, 7.88545161137967E-12, 0.06613403743066737, 0.32299756398906676, 1.0E-20, 0.9524447207928027, 9.653883592889803E-8, 1.0E-20, 1.4690746033635452E-11, 1.4078622436006978E-6, 1.6862486817013663E-10, 1.8252618100112601E-6, 2.8246384022495878E-6, 8.9049862465825E-13, 1.477068394416397E-8]

bounds = [243.49272, 219.58801, 285.4054, 225.587]
recogWinner = -
recogPs = [2.6312376444782223E-11, 1.9015506713990737E-6, 0.9833995328499571, 8.588120998368485E-4, 0.015233745838345103, 6.946595256506987E-20, 2.08550486032631E-5, 4.922058157793361E-10, 6.676913263552221E-11, 1.0E-20, 7.165194919118337E-5, 1.0E-20, 0.347518161487888, 9.646960281660433E-11, 5.575703562167745E-13, 5.55939926012138E-4]

bounds = [293.38876, 171.50961, 409.1476, 294.52237]
recogWinner = 3
recogPs = [7.162983170899384E-19, 1.1857300736103394E-19, 3.075318486474606E-7, 0.018356429251396227, 0.015401094341322683, 3.72292466810024E-8, 0.008708207118249102, 1.4054203946443248E-14, 0.9953390076105322, 1.0E-20, 3.3683352560884695E-4, 1.0E-20, 5.795103122200918E-6, 8.931530886662749E-7, 5.826941296177656E-18, 8.396541081351443E-5]

