Token set: [*, +, -, ., /, 0, 1, 2, 3, 4, 5, 6, 7, 8, 9, =]

bounds = [36.695198, 151.67291, 85.821205, 330.44943]
recogWinner = 1
recogPs = [1.0E-20, 1.0E-20, 2.608210213097319E-12, 0.03678680957780632, 0.010978432246937384, 1.0E-20, 0.7707988890737049, 1.8330109757990345E-9, 1.0E-20, 1.0254936275663378E-11, 1.1139385062550528E-6, 7.046895819666919E-7, 1.707464270140931E-7, 8.775528401226831E-4, 1.3987374820607227E-10, 9.713843646621318E-5]

bounds = [151.05893, 176.6417, 262.67093, 293.49564]
recogWinner = 0
recogPs = [7.941203269601266E-6, 2.568265005629912E-9, 1.4332265895053415E-7, 0.009504163786762106, 0.0016611440110391995, 0.9962415483976522, 0.010398637776177473, 1.301093604393399E-15, 3.040365954225276E-12, 7.709950897711432E-4, 4.739281429466777E-6, 1.0837834671881228E-17, 6.261752749112597E-15, 1.612067433950696E-16, 1.0E-20, 7.503512610790854E-4]

bounds = [310.89844, 185.4162, 420.3383, 293.49564]
recogWinner = 0
recogPs = [1.1458691222631473E-17, 1.9286554463741495E-16, 1.7323906279614206E-7, 0.006654029393687857, 0.0020169498306059825, 0.9853230720591952, 5.733882735453911E-4, 2.5065007843800117E-18, 4.7897786501477884E-14, 6.575385020561931E-11, 9.161423551915547E-8, 2.4233233452493533E-15, 1.5567745671089176E-7, 7.32753155511335E-15, 1.0E-20, 6.636180127541862E-4]

