Token set: [*, +, -, ., /, 0, 1, 2, 3, 4, 5, 6, 7, 8, 9, =]

bounds = [20.95634, 60.786514, 183.61746, 261.96005]
recogWinner = 5
recogPs = [5.934865596822278E-13, 4.212133492893157E-13, 1.8561649309854165E-14, 0.1786233092937873, 3.1707633273317804E-4, 1.0E-20, 0.012972490415919389, 1.420021646785657E-4, 4.624583364728668E-7, 2.3729609613412325E-18, 0.921811089258298, 8.705355717180388E-17, 3.7965413653753854E-4, 7.95253397725267E-8, 4.591488240607552E-9, 0.3099123995742612]

bounds = [201.81985, 78.76405, 274.42828, 270.5391]
recogWinner = 6
recogPs = [1.3012393071962101E-11, 1.0E-20, 7.093990372057827E-10, 0.01822992965171616, 2.385024140678844E-4, 1.0E-20, 0.11394730617539109, 3.2966129874129676E-5, 1.0E-20, 1.0E-20, 2.9073763527361237E-4, 0.9320981130374242, 9.271184441768015E-9, 0.03553125275849587, 9.776370860385195E-19, 0.001005591969526544]

bounds = [282.41165, 183.63297, 345.28067, 189.77798]
recogWinner = -
recogPs = [9.16499311643623E-14, 0.003890003952067561, 0.9805157905651499, 0.1459013682985816, 3.152808382979469E-5, 1.0E-20, 3.310005171902514E-4, 0.014384728322357548, 1.0E-20, 1.8816935681157365E-15, 6.753126436415495E-14, 1.5916430252986212E-18, 3.831014525670989E-4, 1.0E-20, 1.0E-20, 0.0056467153441712775]

bounds = [332.80664, 80.295074, 455.32254, 278.7036]
recogWinner = 3
recogPs = [1.98297315308015E-16, 3.6224466536419177E-17, 1.200089219208285E-4, 8.921035461300164E-4, 0.00438687331866738, 4.692685411097665E-5, 1.3225127901665172E-4, 0.016616876591299273, 0.9111000801177402, 1.0E-20, 0.005434610188272964, 9.918056592813944E-20, 0.003850587384261378, 0.0023961422194061738, 8.766853520717186E-5, 0.009640662555589803]

