Token set: [*, +, -, ., /, 0, 1, 2, 3, 4, 5, 6, 7, 8, 9, =]

bounds = [232.01663, 82.75905, 253.47192, 207.603]
recogWinner = /
recogPs = [2.834840463676448E-19, 1.0E-20, 1.610757230682927E-11, 0.06970117177064318, 0.7835181836989721, 1.0E-20, 0.65736835481566, 2.2068105135605387E-16, 3.9305867715691523E-16, 1.0E-20, 1.1727723399456682E-9, 1.4442282149585752E-20, 2.26933217230435E-5, 8.334447749308941E-10, 9.258082327299158E-11, 1.826589829590959E-7]

bounds = [73.84615, 250.54932, 410.6322, 261.79288]
recogWinner = -
recogPs = [1.0E-20, 4.8687479296235256E-8, 0.9999996143621539, 0.0033652185123086765, 1.9469194054807325E-4, 1.0E-20, 2.150260874656257E-6, 1.0E-20, 1.0E-20, 1.0E-20, 8.263861852577786E-12, 1.0E-20, 4.5802359937495654E-5, 1.0E-20, 1.0E-20, 0.0737460975593741]

bounds = [184.61539, 294.73868, 303.42047, 435.0589]
recogWinner = 3
recogPs = [4.818020008852618E-16, 8.61546835142277E-18, 5.735074265356533E-7, 0.0068832467692540355, 0.0026769195615436972, 8.351429023282966E-10, 9.222175366342066E-5, 5.387331395134979E-4, 0.9165074969485945, 1.0E-20, 0.0026826997826085133, 1.0E-20, 2.0037735907165488E-7, 0.013475864979033211, 3.7678944179243655E-15, 4.1279029662672905E-4]

