Token set: [*, +, -, ., /, 0, 1, 2, 3, 4, 5, 6, 7, 8, 9, =]

bounds = [47.496845, 273.7238, 159.22026, 405.96136]
recogWinner = 2
recogPs = [7.108913770776805E-5, 2.8029568960491953E-5, 1.4313511750356307E-8, 0.003108463280964987, 1.442817318837028E-5, 5.881230610071665E-18, 7.166825139205101E-6, 0.9973082040436989, 1.0354465087742338E-4, 1.4012548175123234E-9, 3.195188199085226E-6, 6.893379226906915E-15, 2.0295281384576592E-14, 3.686596208841254E-10, 2.3765863970367292E-8, 4.00823690396199E-4]

bounds = [156.6736, 159.66293, 208.86404, 237.76193]
recogWinner = 5
recogPs = [0.015977924805040622, 4.128273721506743E-4, 1.207122079085036E-5, 0.011731073824904455, 0.0010444294713434442, 4.161503226501135E-9, 0.009921764271955494, 0.005122425008399553, 0.031150557475498008, 0.0018396717050932691, 0.8186320541359076, 0.008477581135732357, 4.109019193990268E-12, 0.13614666314040205, 6.219170120121894E-4, 0.0028407257746224943]

bounds = [244.49065, 189.62549, 286.40332, 191.62299]
recogWinner = -
recogPs = [4.776296038054146E-9, 1.1775167671687044E-5, 0.9998393928744984, 0.002383028212498048, 7.212290794303084E-5, 2.0446728913276945E-20, 2.804969221129508E-9, 1.519042059828867E-17, 2.869169726407754E-9, 3.1997240041991377E-6, 9.951060670853885E-10, 2.7859007387697962E-8, 2.702162284834698E-13, 2.9357085398356913E-15, 1.3040990327325734E-17, 2.1726993336517524E-6]

bounds = [308.01263, 144.68166, 369.72974, 236.5668]
recogWinner = 4
recogPs = [0.040102532516801265, 0.007733179524458324, 2.4333009186477965E-10, 0.0024557743505740724, 1.922374704153691E-9, 3.714854109610814E-9, 9.6197505254735E-4, 1.0000503886139213E-12, 1.2292008187008797E-8, 0.8439608273143218, 2.239391300749124E-6, 1.7170422030696224E-4, 2.502009413898255E-16, 4.786071594463482E-10, 6.380029260540445E-8, 2.808925790748506E-10]

