Token set: [*, +, -, ., /, 0, 1, 2, 3, 4, 5, 6, 7, 8, 9, =]

bounds = [137.97493, 139.96393, 217.72784, 236.93]
recogWinner = 2
recogPs = [0.0025607513979764938, 3.4452748555649054E-4, 3.509486510922104E-5, 0.0022941614893520887, 4.256669801714012E-4, 2.2159666772866022E-8, 0.0018650400946568404, 0.9286789294789347, 0.1959735426570406, 2.7615817934575107E-4, 0.021820080231362827, 2.286831666222223E-5, 1.437791466207034E-7, 0.002370603295514612, 3.0905540810421565E-4, 0.016535248870341693]

bounds = [214.73158, 81.62578, 267.49042, 160.96051]
recogWinner = 3
recogPs = [0.004710830265628716, 0.021103669149177193, 5.939738890525569E-12, 0.002429910509342467, 6.024520088745179E-5, 1.0E-20, 7.62078438907886E-5, 3.0717453110114504E-7, 0.7112437464701548, 1.376963806478044E-7, 2.062748787841505E-8, 1.1567949442796455E-14, 3.3278061690089027E-10, 9.431794111110094E-6, 0.0226439780511695, 1.6573487352314726E-9]

bounds = [271.16107, 34.723495, 315.6055, 98.89104]
recogWinner = 4
recogPs = [0.09180992633964473, 0.18708263021001656, 9.398745163391069E-9, 0.005122458198619106, 3.75673576099785E-9, 1.009331680425372E-10, 0.0038025634228098766, 1.0284733534751867E-17, 2.072870575159142E-5, 0.7101983617886095, 1.1660408142362056E-7, 3.189114890753234E-4, 1.0965864922494818E-9, 3.2020746069297393E-4, 1.0370252988168744E-4, 4.4654851335665344E-10]

