Token set: [*, +, -, ., /, 0, 1, 2, 3, 4, 5, 6, 7, 8, 9, =]

bounds = [39.91684, 77.765305, 97.79626, 246.55432]
recogWinner = 1
recogPs = [1.5826406752575182E-10, 1.0E-20, 6.116679455389395E-11, 0.2716256632343158, 0.05671066400097955, 1.0E-20, 0.6583254437016637, 5.828103277015395E-4, 6.247832802006108E-18, 2.6051681261767447E-10, 5.181729853396407E-7, 1.0E-20, 2.8368485282511258E-5, 8.24942997190423E-12, 1.9862098536383303E-4, 3.2964677037548714E-10]

bounds = [125.738045, 81.7603, 259.45947, 229.57553]
recogWinner = 2
recogPs = [0.0028989023831200774, 5.643135939374403E-4, 1.3824376470140793E-8, 0.020299960390024307, 2.8885373865610037E-6, 9.946325170261337E-14, 6.709166451303401E-4, 0.9673442873236197, 0.0013680608315225897, 2.891304043281654E-16, 8.505822887792589E-4, 2.8690677459710744E-14, 0.003868286118178825, 7.60012104719255E-8, 1.7284241181443588E-10, 0.03644844724509522]

