Token set: [*, +, -, ., /, 0, 1, 2, 3, 4, 5, 6, 7, 8, 9, =]

bounds = [63.38629, 116.90105, 171.64241, 250.29047]
recogWinner = 2
recogPs = [1.880641160625728E-11, 3.225844030699636E-13, 1.0E-20, 0.009934942028346662, 5.990537509840398E-13, 1.0E-20, 6.872415384633406E-13, 0.9976154432641545, 1.5615902291087167E-10, 1.0E-20, 1.0E-20, 1.0E-20, 7.005711810881019E-6, 1.0E-20, 1.0E-20, 0.0022941228135906037]

bounds = [220.10498, 76.76654, 310.35342, 258.03998]
recogWinner = 9
recogPs = [3.2100943551924064E-12, 1.0E-20, 1.3689824137036998E-17, 0.006506729169635164, 0.0037162552844994183, 1.5354143417928717E-10, 0.16966315331137044, 3.1962951785392586E-16, 7.955632768861603E-18, 1.694026869779481E-6, 0.022291570911078574, 3.9371679391833915E-14, 0.004195704442109261, 0.20148806094027852, 0.923815872663345, 8.416079250023574E-5]

bounds = [31.933472, 292.61978, 376.21622, 302.35458]
recogWinner = -
recogPs = [1.0E-20, 3.15221667815395E-8, 0.9999999057995801, 0.002972326873203879, 7.684245250420932E-4, 1.0E-20, 1.4923604558778591E-6, 1.0E-20, 1.0E-20, 1.0E-20, 1.0E-20, 1.0E-20, 3.102344360153018E-8, 1.0E-20, 1.0E-20, 1.364379950286383E-4]

bounds = [154.67775, 345.43073, 268.387, 468.4107]
recogWinner = 3
recogPs = [4.3288065166390075E-14, 3.572477067212788E-18, 4.4701293433299726E-8, 0.011391406197379347, 0.0017416764105112458, 2.6032191770571865E-11, 5.768931132906025E-4, 0.020239643133388382, 0.6949270429816493, 1.0E-20, 0.005443816459735745, 1.0E-20, 3.6868246168828486E-7, 0.15494845469414925, 2.4722227674172903E-18, 0.002550163660518535]

