Token set: [*, +, -, ., /, 0, 1, 2, 3, 4, 5, 6, 7, 8, 9, =]

bounds = [59.5699, 183.2283, 255.14656, 341.77435]
recogWinner = 2
recogPs = [0.008202576937108099, 1.1777951318689491E-4, 2.513472830258346E-4, 0.00333145906523376, 0.0012602327398786848, 6.457144878659753E-10, 0.008621937700461721, 0.9801028653141569, 0.0023265561597565075, 3.506435874169976E-16, 0.0636768510032801, 1.7595535675760467E-12, 0.0012331580001898477, 0.0031724045641953963, 1.607687017198083E-9, 0.024083955577917045]

bounds = [207.56757, 109.72534, 247.4844, 112.7216]
recogWinner = -
recogPs = [1.0E-20, 1.35490810069759E-6, 0.9999994982921631, 0.0013186973919453102, 0.001912251846421992, 1.0E-20, 4.04457143894046E-6, 4.891828017327517E-18, 1.0E-20, 1.0E-20, 1.0E-20, 1.0E-20, 5.5696158402304765E-5, 1.0E-20, 1.0E-20, 0.0029183870339664843]

bounds = [271.4345, 45.785477, 395.23447, 189.62549]
recogWinner = 3
recogPs = [0.07265042310624259, 5.0772735012631204E-5, 0.0010563894617109896, 0.0038931791110495867, 0.025070366597920765, 1.1493298039845558E-9, 0.0027607517827446253, 0.3313280636301387, 0.951332436440344, 2.83661018228808E-20, 0.002060398770107424, 1.0E-20, 2.1393982368653712E-4, 0.007438507302624281, 8.756690918733018E-9, 0.0014141411200557215]

