Token set: [*, +, -, ., /, 0, 1, 2, 3, 4, 5, 6, 7, 8, 9, =]

bounds = [60.87318, 182.37961, 160.66528, 191.62299]
recogWinner = -
recogPs = [2.836802275584734E-14, 0.00481728728606493, 0.9574232278014052, 8.465985448164116E-4, 0.23660551258203916, 1.0E-20, 0.006168316936825018, 4.721732894160611E-4, 1.0E-20, 1.696179196857612E-20, 9.134849481897491E-7, 8.403272898755274E-17, 0.0482291651237417, 9.894477957010728E-9, 0.005157660965892218, 3.383262687839313E-5]

bounds = [213.55508, 184.63171, 296.38254, 194.94275]
recogWinner = -
recogPs = [1.0E-20, 1.6471767022439089E-7, 0.9993605824410775, 0.01435213640903466, 1.2477963405807188E-4, 1.0E-20, 4.436300792836846E-6, 2.0653692623393414E-15, 1.0E-20, 1.0E-20, 4.401240151615849E-10, 1.0E-20, 9.47432628071752E-5, 1.8401847103446446E-17, 1.0E-20, 0.02894371962373886]

bounds = [285.68378, 85.63997, 456.02145, 315.61218]
recogWinner = 3
recogPs = [6.687953208499771E-10, 5.64891845759781E-13, 6.792340666521038E-5, 0.001637615411386255, 0.012314751623380377, 1.4231417188003268E-9, 1.3607565711755903E-4, 0.0074251156763272125, 0.9898513115183936, 1.0E-20, 0.0017578555365942562, 1.0E-20, 5.291174457104105E-6, 0.0046102906928223875, 2.3556598749363532E-15, 0.010279087640194067]

