Token set: [*, +, -, ., /, 0, 1, 2, 3, 4, 5, 6, 7, 8, 9, =]

bounds = [24.948025, 233.57056, 88.81497, 238.98099]
recogWinner = -
recogPs = [7.603657047948555E-9, 3.4533769822071554E-6, 0.9936843723031197, 0.0013613021322517683, 6.422731759991633E-4, 1.0E-20, 1.830344324709781E-5, 3.885159770260639E-14, 1.0E-20, 1.0E-20, 1.8080935639737695E-12, 1.3511564228369407E-15, 8.988536499557187E-7, 1.5949933105599095E-15, 2.7317898601146322E-14, 2.9369483627073674E-4]

bounds = [102.78586, 167.65295, 229.52182, 311.41544]
recogWinner = 3
recogPs = [1.1256863379077196E-6, 1.6185876793850332E-6, 0.019760690827552423, 0.0023506798292726333, 0.008955291883342481, 4.0434221999404954E-8, 1.2849116043125506E-4, 0.002430875419787917, 0.9762022053747588, 1.0E-20, 0.0049180462815929275, 1.0E-20, 0.015414549320545494, 0.003278179502235249, 8.592340860147167E-4, 3.115616041163036E-4]

bounds = [251.47609, 180.63672, 336.29938, 279.51312]
recogWinner = *
recogPs = [0.9353813749162683, 0.11796940637364273, 3.834401815635859E-5, 0.02439313705229695, 0.003729877834492875, 0.03526503513091547, 0.022506304727068875, 8.311077467805591E-5, 0.11305472536247839, 3.872961600311052E-12, 0.050554999012046825, 1.053523874493691E-14, 1.4528423232092765E-5, 0.0016824965627594073, 4.046660254146651E-5, 8.062060906734395E-6]

bounds = [367.9725, 164.65668, 467.02704, 317.46567]
recogWinner = *
recogPs = [0.4640870172970857, 0.08693132234034838, 1.8675211862701072E-5, 0.003306089031537972, 9.16391975802294E-6, 1.0E-20, 0.009187754567982796, 2.6788519362609612E-5, 1.0E-20, 0.3669155339945146, 2.500229459125037E-4, 3.671759895591138E-11, 5.1812576911262324E-5, 2.6199640363052404E-4, 0.007229252322769632, 2.6095211276848704E-4]

