Token set: [*, +, -, ., /, 0, 1, 2, 3, 4, 5, 6, 7, 8, 9, =]

bounds = [40.415802, 137.83879, 159.66736, 240.5618]
recogWinner = 2
recogPs = [1.3030551333569931E-5, 3.559684097376543E-5, 1.3959552983215255E-10, 0.0038985286981153325, 5.677204929170427E-8, 1.0E-20, 1.373815073540921E-5, 0.995195831124358, 1.040016732257095E-12, 1.0E-20, 1.0E-20, 3.476838033004918E-18, 4.921725072185736E-5, 1.0E-20, 1.6915295303397274E-19, 0.012089051991633971]

bounds = [198.16994, 125.70537, 269.43866, 256.62674]
recogWinner = 3
recogPs = [1.6868723586621094E-13, 5.915437176495394E-15, 9.109873558261611E-11, 0.0060166757923153045, 0.0074434586983173606, 2.910352284671532E-6, 0.0013557961254415149, 2.01371763963864E-4, 0.49081020569830164, 1.0E-20, 0.07584659020908663, 1.5940123797541801E-18, 1.846312363082658E-4, 0.0604143174156054, 5.951684030887417E-7, 5.717477185623521E-4]

bounds = [329.31393, 100.73659, 405.1138, 249.55057]
recogWinner = 6
recogPs = [2.3200736062896626E-6, 1.0E-20, 3.0690333953945858E-12, 0.003089257762459216, 9.328091083084E-5, 1.0E-20, 0.03859114806254334, 3.3760152462541963E-6, 1.0E-20, 7.189919146247684E-4, 2.2418182376232546E-5, 0.9959285136692158, 7.994107360099151E-9, 8.035570828799931E-5, 1.0E-20, 8.049243427850525E-4]

