Token set: [*, +, -, ., /, 0, 1, 2, 3, 4, 5, 6, 7, 8, 9, =]

bounds = [99.47138, 39.812744, 243.57677, 227.22098]
recogWinner = 5
recogPs = [7.839570501148788E-17, 4.2018748258506E-16, 2.5632309005050216E-7, 0.002508852510245683, 7.177923847410313E-5, 5.441015255294038E-5, 6.617848867945242E-5, 1.1393035443309884E-5, 0.02242938514416613, 1.0E-20, 0.7545189635604433, 1.6128180692222213E-13, 2.898431382724832E-5, 0.0016122318400046765, 1.7888417158121476E-16, 0.01541441486583723]

bounds = [45.904366, 249.55057, 431.10187, 267.01956]
recogWinner = -
recogPs = [1.0E-20, 1.5666540286990988E-8, 0.9999994025556213, 0.03501106336634661, 2.1468660460075297E-5, 1.0E-20, 4.1061881015928156E-7, 1.0E-20, 1.0E-20, 1.0E-20, 1.0E-20, 1.0E-20, 1.713489276510092E-8, 1.0E-20, 1.0E-20, 0.021583444314889812]

bounds = [204.34515, 309.1815, 350.27023, 472.3189]
recogWinner = 8
recogPs = [2.9609096764760498E-15, 1.0E-20, 1.9552128751540995E-10, 0.002532604865679141, 4.2900758708981504E-4, 1.0E-20, 0.030208726453874492, 0.0013176744973005653, 1.0E-20, 9.154295082758238E-10, 0.0037639450029053737, 4.043137892631603E-12, 0.007497964535939187, 0.9831674436470024, 0.0013787373844075968, 4.5625206573449216E-4]

