Token set: [*, +, -, ., /, 0, 1, 2, 3, 4, 5, 6, 7, 8, 9, =]

bounds = [66.77118, 49.800247, 251.88522, 250.54932]
recogWinner = 4
recogPs = [2.2246544797036442E-9, 0.071485226234893, 9.943231824922466E-10, 0.005314119096412821, 2.247571509785227E-5, 1.0E-20, 0.001881780164410967, 3.684205045186301E-7, 1.0E-20, 0.7168142743044289, 4.798987181418327E-7, 1.837052371287067E-18, 2.339463206466261E-6, 1.1003503334071915E-9, 1.237907127447043E-10, 1.064720132432213E-6]

bounds = [116.627495, 92.74657, 387.19336, 391.535]
recogWinner = /
recogPs = [2.3194061920977295E-16, 1.0E-20, 3.6950965613702394E-7, 0.09469091407911384, 0.7851300114879408, 1.0E-20, 0.43315082044400427, 9.849662916471475E-14, 1.2849864942793812E-18, 1.3284237513807485E-19, 1.1422931723204631E-7, 1.0E-20, 3.352480750753027E-5, 2.3018659318456907E-14, 1.4179061351516964E-4, 1.6354437760268483E-11]

bounds = [270.43658, 268.52686, 448.06653, 421.33582]
recogWinner = 5
recogPs = [2.57414856054762E-15, 3.5420026534955733E-14, 3.674502161774153E-14, 0.0072330340658719235, 4.434823281016936E-4, 2.5206982769929774E-11, 0.002788676108730202, 1.4465400840418183E-7, 1.0175518836675814E-8, 5.704253653626546E-9, 0.908890339174417, 1.143000573991431E-15, 0.0015375047801651652, 0.01877309668240001, 8.659320835752936E-7, 0.012164416715584247]

