Token set: [*, +, -, ., /, 0, 1, 2, 3, 4, 5, 6, 7, 8, 9, =]

bounds = [26.943867, 53.795258, 204.5738, 257.5406]
recogWinner = 5
recogPs = [1.4267040589312818E-13, 3.2613012226913474E-16, 3.792208995686787E-7, 0.0022259449532889357, 0.0032272335151147897, 0.05859975918886992, 0.005019331998039322, 1.5126056382352407E-4, 0.04347463261576146, 3.2537552102719895E-9, 0.679738518894991, 0.03246554479292904, 6.174572983969934E-5, 0.013838701110849307, 1.1140502555563901E-16, 0.008454862403281919]

bounds = [64.86487, 35.817734, 355.2599, 382.38452]
recogWinner = /
recogPs = [4.434698847901939E-18, 1.0E-20, 3.4642929655320616E-10, 0.07466705158988968, 0.8093990579020985, 4.129412307643023E-19, 0.36322635674627346, 2.849279309575968E-14, 1.0E-20, 3.4911386770154057E-13, 5.602520453897097E-10, 4.023607234954366E-15, 6.05016022748731E-5, 1.316841628011732E-10, 7.033990728220124E-12, 4.960290248618526E-9]

bounds = [213.55508, 307.47815, 284.40747, 311.47318]
recogWinner = -
recogPs = [2.268590136193133E-15, 9.574951234892375E-8, 0.9999997991357225, 0.09625391019388746, 1.48980392043723E-4, 1.0E-20, 9.53152610859775E-7, 1.0E-20, 1.0E-20, 1.0E-20, 9.518344404387171E-9, 1.0E-20, 6.025556644847939E-5, 1.0E-20, 1.0E-20, 0.004552320322078169]

bounds = [294.3867, 231.10608, 444.07483, 413.34583]
recogWinner = 3
recogPs = [1.4840767406485172E-14, 6.623402803742287E-18, 8.6501381863796E-7, 0.020698835872166935, 0.011523564450749696, 5.704007575762192E-9, 0.002536930035300451, 0.0014857126266889346, 0.9849153061953065, 1.0E-20, 0.005186600881822308, 1.0E-20, 4.231354637090605E-7, 0.017476994177030587, 4.887304984069377E-18, 0.0013318144481568458]

