Token set: [*, +, -, ., /, 0, 1, 2, 3, 4, 5, 6, 7, 8, 9, =]

bounds = [148.7798, 75.06258, 253.55208, 301.98505]
recogWinner = 9
recogPs = [6.249821267814199E-16, 3.4947049222472436E-12, 4.725402766303547E-5, 7.212757813010992E-4, 0.001733578580823204, 0.008110927797159483, 3.0903657701905125E-4, 4.557026351085137E-15, 8.829799737483044E-14, 1.0E-20, 0.01261312271467516, 9.20942502161959E-18, 0.02358687764597098, 0.12269373122217761, 0.9698417810388544, 3.2161307245665965E-4]

bounds = [309.3555, 33.237198, 378.21207, 136.69164]
recogWinner = 3
recogPs = [1.5109386298080475E-18, 1.577675939073288E-19, 2.4171069055913146E-6, 0.0069133460691668995, 0.0597035902438454, 4.550188256963752E-9, 0.0010458527986414161, 2.322772312115717E-14, 0.994507660132485, 1.0E-20, 3.470904821724032E-5, 1.0E-20, 3.896355815954329E-6, 5.677899847855004E-7, 2.6239519535222056E-15, 8.138215344444692E-4]

