Token set: [*, +, -, ., /, 0, 1, 2, 3, 4, 5, 6, 7, 8, 9, =]

bounds = [96.97866, 105.44122, 246.48648, 237.83832]
recogWinner = 2
recogPs = [2.3263232799944073E-6, 1.2590969893427082E-5, 7.218155702403031E-13, 0.008546063251795726, 2.0976801645181164E-6, 1.2087920641405337E-10, 3.5926807085930406E-6, 0.9874306694823324, 6.7052603734496015E-9, 4.796780466781504E-7, 3.9765384718225E-7, 6.872570069272078E-9, 4.4439180487922634E-10, 1.6949529372104814E-13, 1.087260577066575E-11, 0.0064555999368796696]

bounds = [303.86694, 86.75406, 408.55603, 212.59677]
recogWinner = 3
recogPs = [6.874700640674409E-8, 2.5511986784847895E-9, 1.2940126355599206E-9, 3.356515306634787E-4, 0.0032149063820592727, 3.2735691857330926E-12, 0.0088125213899839, 9.370287704002618E-6, 0.9831487972748483, 6.545975478248964E-10, 0.07110403011123817, 1.0861832961978006E-7, 8.08993756048088E-13, 0.005737786423018187, 0.00164678681508657, 5.843843714508038E-8]

bounds = [56.881496, 260.01938, 404.3975, 274.2285]
recogWinner = -
recogPs = [3.687136460191878E-10, 5.630700854882297E-4, 0.9998346645335444, 0.00539146064824212, 3.3143968241162334E-5, 1.3231822538550479E-18, 6.70141998502276E-9, 1.0E-20, 7.402342707209647E-17, 1.245410012458676E-4, 2.6320602137994134E-8, 1.908847655713712E-8, 1.8058258642580195E-15, 2.790569624594075E-19, 1.1300176789923038E-19, 2.45709237209743E-5]

bounds = [174.1372, 312.47192, 324.3243, 440.31213]
recogWinner = 4
recogPs = [0.005830487682288681, 0.03681077096927116, 1.4521255212772263E-8, 0.015747508003864482, 3.4603208088358595E-9, 1.2150132732353156E-5, 0.001085723501205189, 1.0E-20, 8.137960141700229E-14, 0.9374246738050799, 3.4410956751150235E-9, 0.003048524550145551, 2.3705920790746217E-14, 2.804146280744018E-9, 2.0462458559211112E-10, 3.862108776091197E-10]

