Token set: [*, +, -, ., /, 0, 1, 2, 3, 4, 5, 6, 7, 8, 9, =]

bounds = [93.80457, 65.26195, 201.55527, 198.86002]
recogWinner = 3
recogPs = [1.6136947152764984E-12, 2.984119827984394E-13, 5.090897090931803E-5, 0.007518106815803666, 0.003193876459510293, 1.9581485988267705E-7, 1.2554951300914198E-4, 0.009829612913456433, 0.9694169699701114, 1.0E-20, 0.007310794193847973, 1.0E-20, 0.0033074279106582363, 6.425141776945087E-4, 1.4558703275878998E-7, 7.59403839499478E-4]

bounds = [25.945946, 240.49341, 250.47816, 254.7331]
recogWinner = -
recogPs = [3.845353796106236E-14, 1.7761609203774358E-10, 0.9999987984871485, 0.28079350821851295, 1.5272179384461684E-4, 1.0E-20, 6.818227186546703E-6, 2.1413024789330435E-12, 1.0E-20, 1.0E-20, 7.201659258205377E-13, 1.0E-20, 1.2356554174732037E-6, 1.0E-20, 1.0E-20, 0.0010717612225084167]

bounds = [70.6506, 278.51437, 252.47401, 437.31586]
recogWinner = +
recogPs = [0.005344055956458452, 0.8807987644593781, 3.524017418487314E-7, 6.817871383597504E-4, 7.843622087462043E-4, 1.0E-20, 0.008212778553140062, 1.2188358485341808E-8, 1.0E-20, 0.10524391493891938, 0.0035916978956635325, 2.1925865876470272E-13, 3.444929936530832E-5, 0.02841297701647843, 0.0037258992893159236, 0.0011665607185398035]

bounds = [298.3784, 253.54556, 357.68637, 260.66757]
recogWinner = -
recogPs = [7.651514363173185E-8, 6.156117256879007E-8, 0.9879790641823473, 0.04333694668483958, 1.2919531348391992E-4, 1.0E-20, 8.468185124234194E-6, 3.6776618108726575E-8, 1.0E-20, 1.0E-20, 1.4095564289640351E-15, 2.010992400773566E-11, 3.8723541628998144E-5, 1.0E-20, 1.0E-20, 0.003016519537922891]

bounds = [403.1601, 257.5406, 410.14554, 361.41074]
recogWinner = 1
recogPs = [4.445449459448719E-20, 1.0E-20, 5.597771768044239E-13, 0.0624926557033995, 0.6131564006379984, 1.0E-20, 0.7989535771303792, 9.418556244320073E-9, 1.0E-20, 5.8024933916291786E-11, 3.140046985435787E-8, 1.0E-20, 1.7441325673051718E-6, 1.796037349282864E-4, 3.685647457635557E-12, 4.119256168201606E-10]

