Token set: [*, +, -, ., /, 0, 1, 2, 3, 4, 5, 6, 7, 8, 9, =]

bounds = [127.73389, 73.53668, 240.24835, 181.63547]
recogWinner = 7
recogPs = [5.791778170386796E-10, 2.1702830958067095E-5, 2.5105260676662266E-10, 0.001215134185613022, 2.1226123952413213E-9, 1.3319216114779812E-20, 3.78061546345787E-8, 6.405597996976594E-9, 5.162843438331447E-4, 1.0308424060648824E-11, 5.511455524454633E-5, 5.717516804690353E-19, 0.989505639718765, 2.439254920230418E-9, 0.01511054916571465, 0.0014469562924827222]

bounds = [288.4006, 61.78528, 364.24115, 178.61786]
recogWinner = 3
recogPs = [2.921055040383949E-8, 1.3044578158500332E-4, 6.809119614801101E-10, 0.0041753920595062975, 6.091140532795673E-8, 4.72250746428534E-15, 5.8251410843100334E-8, 2.733070105518773E-6, 0.9115136952322616, 2.225932147318295E-6, 0.03452018037303405, 3.1349841407181856E-9, 3.8605525377490755E-7, 1.4390517845608168E-6, 6.362066293723234E-4, 1.2261848510885566E-4]

bounds = [408.1497, 23.832718, 468.02493, 80.76155]
recogWinner = 2
recogPs = [7.28568667352336E-4, 2.8251593128614073E-7, 5.350159440442018E-11, 0.24206714331892712, 0.002459294155303057, 1.0826890953998283E-16, 0.025341374763952793, 0.7770665244439792, 4.802803490505411E-17, 4.6313013103010783E-7, 1.2304118870095522E-8, 1.2201729643405273E-5, 5.901610529916124E-16, 5.343404622635305E-13, 1.2211035811798255E-12, 2.9523015981109846E-5]

