Token set: [*, +, -, ., /, 0, 1, 2, 3, 4, 5, 6, 7, 8, 9, =]

bounds = [77.85083, 132.69664, 90.81081, 297.49063]
recogWinner = .
recogPs = [1.5077485067440456E-5, 4.264620334906044E-7, 9.262962969471364E-7, 0.618171204303161, 0.003106083340056236, 1.1627133613777879E-7, 0.004482176426810344, 0.0017396135752154344, 0.013844208160596875, 1.0E-20, 7.076145676765026E-7, 1.0E-20, 9.177217204812424E-5, 1.2319134114812806E-20, 1.9837722531305336E-20, 8.36933852391056E-4]

bounds = [163.65904, 144.68166, 300.3742, 243.55804]
recogWinner = +
recogPs = [0.06484736144787871, 0.9225282761544775, 3.692549102207897E-14, 0.00906177124417771, 1.3959489072340934E-5, 1.0E-20, 7.319136772543662E-4, 3.945039989606417E-4, 1.0E-20, 0.011388935493009166, 5.821594854760278E-4, 5.372809406044718E-9, 1.1465880633577267E-6, 2.444242101210874E-7, 1.7802032005347253E-7, 5.368083388934427E-4]

bounds = [325.32224, 76.76654, 467.02704, 298.0493]
recogWinner = 5
recogPs = [2.0544942710689935E-12, 7.925047500628813E-15, 1.1187379643277433E-7, 0.030219231817655037, 0.002112358998823433, 4.160879448669016E-9, 0.07210624387198752, 1.6552802380907173E-5, 0.05299517433746654, 5.062010775895999E-13, 0.8407360575385312, 5.3978139446782406E-14, 1.0362375737034195E-4, 0.09142034519137832, 1.5733281132805406E-7, 3.346905310927324E-4]

