Token set: [*, +, -, ., /, 0, 1, 2, 3, 4, 5, 6, 7, 8, 9, =]

bounds = [99.24082, 61.365585, 219.58742, 211.0104]
recogWinner = 3
recogPs = [1.3849889434748207E-19, 1.0915925559447565E-20, 1.5550839604359726E-5, 0.0015144016360029288, 0.00623934911970981, 2.552239601286414E-7, 3.185130752174297E-5, 1.1208402832178556E-6, 0.9915091353687198, 1.0E-20, 0.001245611490834871, 1.0E-20, 2.8325703112528256E-4, 0.0020433862719114724, 8.08975993349715E-11, 0.003076164563519042]

bounds = [252.1639, 49.800247, 378.21207, 205.6055]
recogWinner = 4
recogPs = [1.4155527775160154E-13, 0.25305054672209787, 3.99263034022772E-11, 0.002237740828346142, 1.332735378648435E-4, 1.0E-20, 0.001662501654005909, 9.769131301047912E-7, 1.0E-20, 0.47011650711968667, 5.276543820181781E-7, 4.332703798384783E-18, 8.66955998040089E-7, 9.425155342255838E-8, 1.4086080312932814E-12, 8.626510368301148E-5]

bounds = [419.12683, 117.21599, 459.54263, 129.70038]
recogWinner = -
recogPs = [1.8446352162007834E-14, 0.001899464987116241, 0.37227164069688273, 0.007343787726081341, 0.3529230801785825, 1.0E-20, 0.028650972585732248, 6.209946685255437E-8, 1.0E-20, 1.0E-20, 1.2216294153665114E-9, 1.0E-20, 6.65816683730745E-4, 6.8482753937709265E-15, 2.1738182509519394E-6, 3.2044996468783423E-7]

