Token set: [*, +, -, ., /, 0, 1, 2, 3, 4, 5, 6, 7, 8, 9, =]

bounds = [103.78378, 62.784027, 235.42033, 200.61176]
recogWinner = 7
recogPs = [2.7178587701113566E-13, 4.216730209340508E-8, 1.7465667907100135E-10, 0.012792752817598034, 9.405728986563466E-9, 1.0E-20, 5.124940291048442E-8, 1.76751124284668E-13, 9.920339368431018E-8, 2.7945038033928044E-15, 1.2978447625421753E-6, 1.0E-20, 0.9987493789024703, 9.940831185287685E-16, 1.1272536592048424E-4, 7.431595849791962E-5]

bounds = [263.2121, 63.782776, 388.19125, 188.62671]
recogWinner = 2
recogPs = [0.02006842366284753, 0.0014604571443648825, 4.243239964984613E-6, 0.011372890382326244, 0.010074582949501063, 1.8610421513420625E-10, 0.022137688798415395, 0.9862749376230187, 1.9868303701794647E-6, 1.894013340135009E-5, 1.9105566353796403E-4, 6.292511104641543E-5, 1.9614319096506804E-14, 8.214676944586332E-7, 6.802574850900078E-9, 8.680512245051073E-4]

bounds = [105.779625, 197.4259, 434.5946, 214.09637]
recogWinner = -
recogPs = [9.912457861713191E-15, 4.88781960110007E-5, 0.9994136706181651, 0.0038172083227738184, 0.0019503465106715742, 1.0E-20, 1.0607859680607018E-8, 1.0E-20, 1.0E-20, 1.3400389946268547E-7, 4.0104339786365624E-12, 1.726346609485467E-15, 1.0E-20, 1.0E-20, 1.0E-20, 1.3954217768323812E-6]

bounds = [165.65488, 255.38019, 314.8441, 381.38577]
recogWinner = 3
recogPs = [4.859766614087771E-9, 0.006293382931241394, 8.22494703884826E-17, 0.027076076889962098, 3.708373404279844E-9, 4.480352558519166E-18, 7.245180567433717E-9, 2.9516140304365636E-11, 0.967503106158946, 6.873721932427057E-8, 3.006630761035835E-11, 1.9726531632084241E-19, 3.7049276654065826E-10, 8.056670074692755E-9, 2.983301929471238E-5, 7.136603903164707E-10]

