Token set: [*, +, -, ., /, 0, 1, 2, 3, 4, 5, 6, 7, 8, 9, =]

bounds = [69.85447, 52.79651, 225.53015, 282.50937]
recogWinner = 5
recogPs = [2.297502754526383E-5, 2.614672748768311E-7, 2.2454496046349296E-6, 0.011254430409907316, 6.234222372547426E-5, 2.276032198916573E-11, 0.010511172232876474, 1.797689838678648E-7, 0.013813902288579104, 2.846293707863382E-6, 0.8901021004572407, 0.005555469205375519, 1.0335898226747703E-5, 0.005433339979870293, 2.3392786453822008E-4, 4.110124032336829E-5]

bounds = [137.7131, 93.745316, 370.2287, 346.42947]
recogWinner = /
recogPs = [2.983620246139856E-8, 1.0841347667648753E-7, 8.497925124322479E-4, 0.030369745292870873, 0.656901755295925, 1.0E-20, 0.4211551011516092, 2.2248726114701528E-6, 7.735837993606854E-15, 1.9712509467839382E-10, 4.671353519783439E-8, 7.167642863662929E-13, 8.920103171444987E-9, 1.8931832715401887E-12, 4.506205326158547E-8, 3.816974759646555E-11]

bounds = [232.39398, 204.60675, 349.27234, 396.58572]
recogWinner = 6
recogPs = [1.1500093167590338E-11, 1.8875215849442135E-6, 5.1540318632605636E-15, 0.009994713659079713, 2.1092192590218274E-9, 6.6669448544128175E-6, 0.00512025890324972, 1.0E-20, 1.0E-20, 0.0549871427628145, 1.6786830342889094E-8, 0.9938967014164403, 1.0E-20, 1.0814979332580874E-16, 6.453800645343761E-17, 3.4110300377267883E-4]

