Token set: [*, +, -, ., /, 0, 1, 2, 3, 4, 5, 6, 7, 8, 9, =]

bounds = [60.99028, 133.69539, 214.55301, 314.46942]
recogWinner = +
recogPs = [0.006009672694153022, 0.9626757033778067, 1.398519578541684E-13, 0.005392687660739865, 6.634174225803367E-9, 2.0056648948974602E-16, 9.551323974616962E-6, 4.400729803371339E-14, 4.7966977081621754E-12, 0.0062850018798748805, 6.195537964992729E-10, 3.418560717357663E-10, 1.0E-20, 2.503482896746561E-13, 3.248245978780484E-6, 3.4118216411838053E-15]

bounds = [281.41373, 233.57056, 312.30847, 237.56555]
recogWinner = -
recogPs = [2.7271227290070226E-9, 3.7267212350533915E-4, 0.9993888371146045, 0.012517864765319313, 7.015418857917148E-5, 1.0554049867299827E-16, 3.1998943474282495E-9, 1.628576293919889E-9, 1.4584426108376874E-7, 5.5535076166181885E-5, 5.263623335702019E-7, 1.2224840742937886E-8, 2.357000313103731E-10, 1.3099272437144688E-13, 2.3213675569271584E-13, 5.042881607982283E-5]

bounds = [370.03442, 143.66766, 449.56342, 311.55508]
recogWinner = 8
recogPs = [0.007439716129560377, 7.445117428097775E-5, 8.546169629490677E-5, 0.013572196325227132, 7.869272961297195E-4, 1.0774115788016216E-8, 0.019783371980374477, 1.0510621759074048E-4, 5.809760341256731E-4, 0.00256021792677074, 0.0786045696338872, 2.646080983982438E-4, 0.01430411959376846, 0.9729237817902889, 0.0030901836460115284, 3.4451621841666E-7]

bounds = [47.900208, 341.4357, 369.23077, 361.41074]
recogWinner = -
recogPs = [7.653875717345716E-9, 0.0013178935808716404, 0.9998595942639397, 0.003253088151920578, 5.673886458304406E-4, 1.2241773660151145E-18, 1.6858684686291778E-9, 4.752380594233765E-10, 1.0404436104269738E-9, 1.960274822495862E-5, 1.629106848945488E-8, 5.993137753047394E-8, 5.634713193706417E-18, 3.764133384854259E-18, 6.282159662904862E-20, 4.1515725673882297E-7]

bounds = [204.5738, 408.35217, 269.43866, 486.30225]
recogWinner = 3
recogPs = [9.634210727219835E-7, 1.169773204432946E-4, 5.889353470231098E-10, 0.0035943164294970358, 9.512356557879091E-8, 8.933381781211961E-11, 2.222545952408157E-8, 0.038867724084523506, 0.935532633922139, 1.3403908618813112E-5, 0.020376350184342976, 7.820344755639588E-7, 7.24824292487124E-8, 1.666137795387452E-5, 1.1462540805597913E-5, 0.020899969491990272]

