Token set: [*, +, -, ., /, 0, 1, 2, 3, 4, 5, 6, 7, 8, 9, =]

bounds = [21.954262, 108.72659, 185.61331, 299.99286]
recogWinner = 4
recogPs = [0.13111762776502464, 0.12030644722806674, 5.6474429200602116E-9, 0.009979385248057974, 3.603830487298758E-10, 8.317445058362691E-8, 0.001493568027969044, 2.691549815081735E-13, 5.995616092462469E-6, 0.8727591175385085, 3.57705555727051E-8, 0.0018114514181855129, 2.1668636214872933E-11, 4.441052305552609E-5, 6.063962617385193E-7, 1.0675905300697033E-10]

bounds = [219.54262, 296.49188, 230.51974, 313.47067]
recogWinner = .
recogPs = [1.192393151168945E-6, 3.744536328882637E-6, 4.871311768652915E-16, 0.9997471646337043, 2.25104954494741E-5, 1.0E-20, 4.6241971713286E-7, 6.844873312150985E-13, 1.2400916286565412E-18, 8.77231474381941E-11, 2.0529408388257764E-13, 4.618083757511571E-19, 1.2355873327482804E-17, 2.5802770076010097E-14, 2.963144288466708E-14, 7.214080279735132E-18]

bounds = [264.42978, 141.28958, 369.43637, 295.49313]
recogWinner = 0
recogPs = [1.392379977050869E-10, 3.688009043032661E-14, 2.8750923506306807E-11, 0.0010710692210059852, 5.068717275036825E-9, 0.9836891495446787, 0.018362590066550662, 1.0E-20, 4.3123604108004535E-12, 4.364980044475711E-7, 5.242139627636652E-4, 0.0026139833700594434, 2.452845458276349E-18, 7.917214661026301E-8, 5.1985230770760355E-5, 5.5811883740515286E-14]

