Token set: [*, +, -, ., /, 0, 1, 2, 3, 4, 5, 6, 7, 8, 9, =]

bounds = [91.26966, 101.6985, 191.60083, 253.54556]
recogWinner = 8
recogPs = [0.0074037264225172835, 4.2658474304246754E-5, 1.741810500360137E-4, 0.014443779743016562, 0.003720811465622542, 1.2637641585054292E-13, 0.015001428332443174, 5.260904943734458E-8, 4.0161497262031264E-4, 7.508897460061946E-4, 0.013133752984440144, 5.656830669443586E-4, 0.00934378584764325, 0.9888017169261273, 1.652537705908894E-4, 2.2001138896600447E-6]

bounds = [229.52182, 239.56305, 245.7824, 253.74161]
recogWinner = .
recogPs = [1.5275710518029767E-7, 2.0508520247140198E-4, 1.8187736073037356E-14, 0.9994063217051108, 1.0745689506660793E-5, 1.22995806897242E-20, 1.8624641606088977E-5, 1.3295602857319723E-8, 1.0E-20, 8.931231221365537E-10, 1.591274498306723E-11, 2.7634976695877007E-12, 1.0E-20, 4.812959023707368E-16, 6.876751034160959E-19, 2.291153496829926E-10]

bounds = [304.3659, 96.214035, 427.58777, 248.76779]
recogWinner = 3
recogPs = [6.5628551199614E-8, 1.106368589608666E-5, 1.609974384803882E-10, 0.0014214594158287403, 2.3433004066912794E-7, 5.9401605828702E-11, 3.421544362943994E-8, 0.001886470527738912, 0.9795403555752326, 3.7471378499724547E-7, 0.011153389511507442, 6.718450150080708E-7, 1.490902049823969E-8, 9.080347203208846E-6, 8.96760904381149E-6, 0.0026544502455471864]

