Token set: [*, +, -, ., /, 0, 1, 2, 3, 4, 5, 6, 7, 8, 9, =]

bounds = [70.85239, 63.782776, 176.77837, 235.56805]
recogWinner = 7
recogPs = [1.0E-20, 1.0E-20, 6.575501183298349E-9, 0.016722950657256614, 5.580708049134975E-5, 6.842032643716906E-19, 6.939279732422752E-4, 1.2237453627473095E-13, 1.680527457682765E-5, 1.0E-20, 3.1101392845359306E-7, 1.0E-20, 0.9928282313640006, 1.769879665598908E-13, 0.5058937858744975, 1.5866717316248942E-4]

bounds = [218.5447, 77.765305, 314.34512, 238.5643]
recogWinner = 7
recogPs = [1.0E-20, 1.0E-20, 1.2085720012673877E-11, 0.0035790810935158734, 0.016262225224716206, 1.6216677323608473E-20, 0.01693754921032718, 9.413260249599608E-13, 3.4982645569723793E-7, 1.0E-20, 2.613489061203109E-6, 1.0E-20, 0.996442285832599, 1.583532567745844E-8, 0.01507912784412594, 1.8466113078060938E-4]

