Token set: [*, +, -, ., /, 0, 1, 2, 3, 4, 5, 6, 7, 8, 9, =]

bounds = [52.671253, 152.67166, 191.43803, 336.64572]
recogWinner = 0
recogPs = [6.0952134003509756E-12, 6.668679044698801E-16, 6.338639606605003E-17, 5.797141805344326E-4, 3.651874303465805E-11, 0.9992537470969785, 0.0012158832882598256, 1.0E-20, 6.5366288450425244E-15, 1.4302336066759763E-7, 1.6029976114317167E-9, 1.0714095312172145E-5, 1.0E-20, 4.600368272413739E-12, 1.3530237430984105E-10, 1.0E-20]

bounds = [219.54262, 321.4607, 233.51352, 349.42572]
recogWinner = .
recogPs = [1.2414185563324083E-8, 4.727436443544429E-5, 1.4500504738291092E-16, 0.9983752776842973, 7.942698456243572E-9, 1.0E-20, 5.9384547672166735E-6, 4.970383206324507E-17, 1.0E-20, 7.54968665608213E-9, 1.4042539907690534E-12, 8.464483407236969E-16, 1.0E-20, 3.4901183294477267E-14, 3.8238725956407487E-13, 6.963497470376386E-18]

bounds = [281.2095, 159.66293, 379.20996, 326.67255]
recogWinner = 0
recogPs = [4.706211998046354E-6, 5.4773388189830085E-12, 2.320240433018803E-9, 0.0022543702730439944, 3.5435735129672595E-10, 0.9201332967878214, 0.0021904132125990425, 1.0E-20, 9.976002248905117E-16, 0.01464890443296762, 4.38673255972224E-5, 0.004379885221143628, 4.386743726400492E-19, 9.984234098493062E-12, 5.104307786536338E-13, 5.202044195612966E-12]

bounds = [429.10602, 184.63171, 449.06445, 338.43945]
recogWinner = 1
recogPs = [4.797408489850006E-6, 4.507311593897438E-14, 9.433418618150467E-7, 0.033461757862751296, 4.244091011046023E-7, 5.138809488112976E-19, 0.9898898617093749, 1.0E-20, 1.0E-20, 7.632088255909163E-4, 3.517159566342344E-5, 1.6537836509481483E-5, 8.022288100300715E-19, 1.334077818709134E-14, 1.0E-20, 1.718586308375687E-15]

