Token set: [*, +, -, ., /, 0, 1, 2, 3, 4, 5, 6, 7, 8, 9, =]

bounds = [94.80249, 45.805252, 248.48233, 253.54556]
recogWinner = 5
recogPs = [1.3900094587381477E-5, 5.004795103586866E-7, 1.161251130771804E-8, 0.005181469769113659, 4.94426605095584E-4, 2.8379181965407774E-8, 0.006972020735440398, 0.0012275982207455081, 0.0982040974342664, 1.705189923756244E-6, 0.9121028289581272, 0.0027022823830923884, 8.03419783930724E-13, 0.06962861797231705, 4.7862332894544875E-4, 3.71215012681242E-7]

bounds = [302.37006, 77.765305, 404.158, 208.60175]
recogWinner = *
recogPs = [0.7270627936038675, 1.756201849818992E-4, 5.43927347540351E-10, 0.004460791330355823, 1.0243062080989068E-4, 5.497600695620025E-20, 0.00819153413746776, 4.5951691692178346E-7, 2.3848438489533217E-7, 3.990311073783924E-5, 4.846390110435393E-10, 3.0467369304490143E-9, 1.6469367058466042E-12, 1.2536074887391687E-9, 1.4597365088904478E-9, 1.2370752921776224E-10]

bounds = [367.23492, 47.80275, 470.0789, 259.5381]
recogWinner = 3
recogPs = [1.2311054569983908E-9, 6.940752813984404E-5, 1.1786629936696447E-16, 0.002653504194342986, 2.007530382312636E-9, 6.167142623857945E-10, 9.817193925540108E-9, 9.1470112679546E-12, 0.7618452272638987, 5.589587403876963E-6, 2.9718877331845086E-9, 8.801917389203214E-15, 1.6289919044116835E-6, 4.168347876881095E-9, 2.661281487818646E-4, 6.883228000170753E-8]

