Token set: [*, +, -, ., /, 0, 1, 2, 3, 4, 5, 6, 7, 8, 9, =]

bounds = [63.36799, 110.724106, 160.91069, 217.59052]
recogWinner = 2
recogPs = [6.884133317285654E-6, 1.5407053952497696E-7, 6.236193878412225E-6, 0.0013111086340149786, 1.674434790060759E-6, 1.0E-20, 1.1739484264472149E-4, 0.9131879841752055, 1.2830948125900992E-4, 1.0E-20, 1.0E-20, 2.9590234000761766E-18, 0.001570325809573928, 1.0E-20, 9.860340152879136E-15, 0.07965085366142423]

bounds = [184.61539, 54.794006, 250.47818, 109.72534]
recogWinner = 3
recogPs = [1.0E-20, 6.498121373283512E-19, 6.064052542340569E-6, 0.0034746431068680152, 6.772435069022968E-5, 5.174786708923786E-7, 1.848371925049867E-5, 6.308056879045888E-11, 0.877635844969136, 1.0E-20, 1.669769241319265E-4, 6.581326087192304E-14, 0.06514636854129774, 2.4160397273976023E-8, 0.0019481196862816985, 8.000623922578188E-4]

