Token set: [*, +, -, ., /, 0, 1, 2, 3, 4, 5, 6, 7, 8, 9, =]

bounds = [38.91892, 192.62173, 161.66321, 201.69012]
recogWinner = -
recogPs = [2.273332890995381E-6, 0.0014021179014583375, 0.9995352456700503, 6.52555913877605E-4, 0.022607106893912814, 3.971398746309264E-18, 7.619230846408279E-8, 3.4346628914848513E-9, 7.335996021182587E-7, 1.4349687864870496E-4, 3.032075750696729E-9, 1.2984317159083285E-8, 5.2320283234940374E-12, 5.707110703441979E-15, 4.981535056195544E-15, 8.76135443413621E-8]

bounds = [183.61746, 96.74158, 264.77615, 293.49564]
recogWinner = 7
recogPs = [2.1848113709728579E-16, 1.7411645508523557E-9, 1.618920110370524E-9, 0.02806567056961095, 9.356496647779699E-8, 1.0E-20, 9.765707324558742E-8, 5.839419818179801E-11, 1.5185145373186892E-11, 9.475690648145529E-10, 2.8088863394651037E-6, 2.9439345060164542E-19, 0.9956641311185912, 6.956870894087375E-14, 6.022291560327075E-4, 6.767929424510345E-6]

bounds = [314.34512, 261.53558, 325.10712, 285.29034]
recogWinner = .
recogPs = [8.792326747374881E-6, 4.7152108260216873E-4, 1.2853093712751104E-19, 0.9999655769595124, 2.35329024221572E-5, 1.0E-20, 2.8353004495694027E-6, 1.0617967069686525E-10, 1.0E-20, 4.8549716258555515E-12, 1.8862778455655765E-17, 6.537496014003775E-18, 1.0E-20, 2.849936492508801E-18, 1.0E-20, 9.691328282344577E-18]

bounds = [374.22037, 74.76904, 466.0291, 289.50064]
recogWinner = 4
recogPs = [0.002680248215141147, 6.140622377994614E-4, 9.855869112289945E-9, 0.005537115397974783, 1.1074184952479786E-8, 9.310972763917987E-11, 0.013261210495047741, 1.0E-20, 8.279638416419211E-14, 0.8956065902781036, 5.694101292155879E-7, 3.64106881252989E-4, 3.0914730437626136E-10, 5.345955952674555E-8, 1.0313591837701012E-9, 1.0962664450485188E-11]

