Token set: [*, +, -, ., /, 0, 1, 2, 3, 4, 5, 6, 7, 8, 9, =]

bounds = [56.881496, 93.745316, 172.35963, 245.55557]
recogWinner = 3
recogPs = [5.880094059149071E-7, 2.485656804040909E-4, 1.8877911680930708E-13, 0.004442655037781278, 4.1548866834664716E-10, 4.93935572793432E-11, 4.1053183393423485E-9, 4.849061675834442E-6, 0.89897603457942, 1.4415918263916606E-5, 2.4935823079013426E-8, 8.730935460218212E-9, 0.020809508697315186, 2.6730998002229403E-6, 5.819361318662177E-5, 1.5115429153787141E-6]

bounds = [201.58005, 121.71037, 291.39294, 192.62173]
recogWinner = *
recogPs = [0.9829014294327784, 0.0010047996199349124, 4.0676004708993805E-7, 0.019101959089319515, 1.9301341017054867E-4, 1.5921126499226434E-19, 0.0013725452844550827, 8.439713966426385E-6, 1.3045096279032622E-8, 3.606835202761026E-4, 6.274598905248203E-8, 1.9142391607193258E-6, 2.071587435300923E-13, 6.182208908928868E-6, 1.1317055593192513E-8, 1.3906682756897454E-9]

bounds = [335.70255, 87.75281, 430.10394, 255.54309]
recogWinner = 4
recogPs = [2.2623461008597804E-4, 2.0790688612379076E-6, 8.870796417606937E-18, 0.02069782544961426, 1.11075642029252E-9, 2.676907054315564E-8, 0.0030712587384913296, 1.0E-20, 1.0E-20, 0.48146577551921355, 2.5130099171046467E-14, 1.1705636322401999E-4, 9.306650533109571E-18, 8.081303290614289E-18, 4.7747080233203036E-14, 1.6089994180348323E-12]

