Token set: [*, +, -, ., /, 0, 1, 2, 3, 4, 5, 6, 7, 8, 9, =]

bounds = [43.908524, 202.60925, 129.72974, 209.6005]
recogWinner = -
recogPs = [4.3841364218070884E-9, 0.0011020149594590178, 0.999590020753822, 0.00293736167972883, 3.7347916498429177E-4, 1.838225471785975E-7, 1.8507153776860977E-8, 1.0E-20, 5.1327518687372385E-17, 0.0010011857996135483, 5.566371668653224E-11, 2.6209579723996713E-7, 4.046384465388235E-16, 7.171429705485857E-18, 1.0713105135988283E-20, 1.6476549745272984E-6]

bounds = [149.68814, 64.781525, 319.33472, 283.7251]
recogWinner = 5
recogPs = [0.006638518457072254, 6.47016250983629E-4, 2.1135651316017856E-5, 0.04007563152698038, 0.005216219205644335, 3.914053726719941E-15, 0.011211572344511088, 4.839126418540611E-5, 5.3335645164428E-8, 0.0071299103855482155, 0.9053244466637648, 8.623780402338577E-4, 7.27432616675526E-11, 0.02056564909436269, 1.356497802804795E-4, 8.343999500089888E-7]

bounds = [337.2973, 77.69092, 474.01248, 297.49063]
recogWinner = 3
recogPs = [7.822448371853632E-8, 5.111599759993605E-5, 1.491744673441742E-14, 0.0050310904037343986, 2.2938323015454304E-10, 1.6877005983860262E-5, 7.531752564067454E-9, 3.7259644147753954E-7, 0.7818533237189635, 3.011986952450942E-5, 1.3024860274480952E-7, 5.248189223282492E-10, 5.2208271966743035E-6, 2.8627137174731867E-7, 8.86252865265091E-5, 3.1604210393321547E-6]

