Token set: [*, +, -, ., /, 0, 1, 2, 3, 4, 5, 6, 7, 8, 9, =]

bounds = [24.935793, 161.66043, 139.50568, 294.9081]
recogWinner = 2
recogPs = [7.89491108363421E-8, 1.2648088745059486E-4, 4.137086577280634E-9, 0.005967955411350308, 7.499826358526246E-9, 1.3465231074993144E-7, 1.2732854303929362E-7, 0.8197913709420277, 5.219633703626668E-4, 4.748120706708721E-6, 7.575725591899105E-5, 1.8905571536159213E-9, 1.7809755985766526E-5, 9.306522748148369E-9, 5.1225531489392554E-5, 0.08272479122498201]

bounds = [194.59459, 221.58551, 269.55878, 260.53683]
recogWinner = *
recogPs = [0.9448571403839907, 6.401335025392071E-4, 7.014046212682747E-8, 0.015238978417690705, 1.2196032979338904E-9, 6.114488158444586E-16, 0.002205619816268079, 1.4891176860667362E-18, 7.376399259219446E-9, 0.021657527731054265, 2.3059843363365477E-6, 2.908310869802706E-6, 4.513961768743395E-12, 4.328949984854591E-8, 3.092996673594501E-11, 1.774290918127751E-10]

bounds = [327.31808, 240.5618, 379.20996, 244.55682]
recogWinner = -
recogPs = [2.1515808804077985E-8, 1.4296013223600418E-4, 0.99972401581895, 0.003786252266149195, 0.001094561128993553, 1.502569380504805E-20, 2.7620061332563205E-9, 4.5734333663110273E-10, 1.469193335960245E-5, 1.3930548260576905E-7, 9.316822889150677E-9, 1.2866153875118775E-9, 1.1596929287242226E-15, 1.2331996421146112E-14, 1.0384966113123745E-16, 3.935413819812995E-7]

bounds = [344.28275, 142.68414, 466.32828, 316.46692]
recogWinner = 3
recogPs = [1.2933969703557036E-8, 2.0626360673176345E-4, 2.9808927403777286E-14, 0.0015759264689500809, 1.2052570586898056E-9, 7.891584517522328E-11, 1.179369605220375E-8, 6.382169148481366E-9, 0.9629780278795808, 1.2105703166831675E-5, 4.5139893407633014E-7, 3.95137664839046E-11, 2.280960300105275E-5, 3.351764742378848E-8, 0.0011533950900026832, 1.5855358591379228E-7]

