Token set: [*, +, -, ., /, 0, 1, 2, 3, 4, 5, 6, 7, 8, 9, =]

bounds = [7.983368, 256.73306, 104.78171, 261.53558]
recogWinner = -
recogPs = [1.881236821691424E-12, 2.1359434047867268E-7, 0.9999936933896499, 0.0012794174894024898, 1.2605828940520756E-7, 1.0E-20, 4.662252798071712E-9, 2.1574498591992643E-19, 5.1114787267695965E-14, 5.670867136058858E-6, 4.1257030859317794E-11, 3.703254835170696E-12, 2.721356344700736E-16, 1.0E-20, 1.0E-20, 3.0577870572737066E-6]

bounds = [61.8711, 197.55075, 205.57172, 331.1415]
recogWinner = 2
recogPs = [0.009771932209570124, 8.677133370213278E-5, 8.470535186299228E-9, 0.00686727320532635, 0.07119639862689756, 3.7122154995467675E-9, 0.03420711789254874, 0.9699620752175097, 8.146334745461038E-7, 1.10309956013003E-4, 2.237490235119815E-6, 0.0026215992910854904, 1.6564149568745174E-19, 2.1071262921230345E-7, 8.093728702315025E-12, 3.126713567381689E-4]

bounds = [249.48026, 199.61298, 320.33264, 277.51563]
recogWinner = *
recogPs = [0.9571074536689952, 0.09521625119790313, 1.9986084259287616E-7, 0.0029124632843032573, 1.9472350098118484E-4, 3.127600094799419E-11, 0.0017356898790498868, 1.2431124918010076E-4, 0.013090776499265239, 0.002700105534649249, 1.7162429855613897E-8, 8.376772281012646E-7, 5.2090413059014765E-11, 1.4003134105725767E-4, 1.2982322185127124E-5, 2.4121991173384813E-9]

bounds = [352.3305, 175.10522, 449.06445, 337.4407]
recogWinner = 8
recogPs = [0.005946525395147747, 3.232045915861611E-6, 5.0961839145242885E-5, 0.011975068735472666, 2.467496411786346E-4, 1.0999331293419262E-10, 0.0029042330188999116, 1.1770864410101877E-5, 0.02688416876357196, 0.001273375892066161, 0.08463399103826576, 0.004404115621849305, 0.03150558747065968, 0.9774589890245712, 1.4852537549824577E-4, 7.111847246489285E-7]

