Token set: [*, +, -, ., /, 0, 1, 2, 3, 4, 5, 6, 7, 8, 9, =]

bounds = [55.883575, 139.2274, 193.59277, 288.73105]
recogWinner = 3
recogPs = [2.3138029841453E-18, 1.6226877265818963E-19, 1.1421710039934729E-4, 0.005565451712429727, 0.0014632028681113643, 1.666727625284918E-4, 1.3927687249716303E-4, 0.004495565089995351, 0.9886636060289362, 1.0E-20, 0.26086222477880183, 1.1857495154922575E-13, 0.003782950347919576, 0.09223569525659518, 9.260334785714468E-8, 5.073661602643247E-4]

bounds = [248.48233, 145.6804, 262.45322, 285.5056]
recogWinner = 6
recogPs = [9.14935981602052E-5, 1.0E-20, 3.0648218966519063E-19, 0.0040239848448703755, 1.1375281100911806E-4, 1.0E-20, 0.19435927539667536, 8.643247203262082E-7, 1.0E-20, 0.0029589138109411967, 9.402475812693778E-5, 0.9952841169343464, 3.710986909614933E-8, 1.089767255056993E-8, 1.0E-20, 0.01722545046349408]

