Token set: [*, +, -, ., /, 0, 1, 2, 3, 4, 5, 6, 7, 8, 9, =]

bounds = [65.2759, 105.73035, 201.94356, 294.4944]
recogWinner = 4
recogPs = [0.15564321156362793, 0.5155701132306206, 2.8158074411024938E-8, 0.002902059808434305, 2.0348718189961686E-9, 1.036206502949725E-7, 7.74503574060384E-4, 2.0441613386521198E-16, 2.2261804213861426E-9, 0.7554458943446608, 2.4506502290623416E-9, 0.004292777834358742, 2.943531253442438E-17, 7.971940862788378E-9, 1.268366414680728E-10, 4.275021287433342E-11]

bounds = [202.57796, 37.147232, 277.94833, 133.69539]
recogWinner = 7
recogPs = [9.744857216398208E-10, 6.951784910820701E-6, 2.750127006764106E-13, 0.009404491112370128, 4.5417332412060787E-10, 4.616773889554398E-20, 3.061213644902627E-8, 1.6174085324846238E-11, 0.0012244691790224208, 1.587158416596107E-11, 3.5168894347640944E-8, 4.2485549276578497E-19, 0.979059837479337, 3.4894634610390515E-11, 0.0038884337909365217, 7.507589344647832E-7]

bounds = [295.3846, 81.7603, 334.30353, 86.54938]
recogWinner = -
recogPs = [8.278527869684947E-7, 0.0055841898087898075, 0.9974787308998486, 0.0019079919746759085, 0.0043932079005419575, 1.0E-20, 3.1614485892285337E-7, 7.819843769001914E-9, 0.018788291950653842, 3.910560019335812E-5, 6.407121059730323E-7, 2.606509486278641E-10, 6.660783674499986E-5, 8.831890616981471E-9, 8.247141892290322E-8, 1.4488275794265052E-6]

bounds = [349.7713, 20.836456, 471.51764, 139.47253]
recogWinner = 5
recogPs = [0.017512102962879826, 0.001853570731365395, 0.03760887014012476, 0.00889313883881574, 9.652491566446955E-4, 8.532419257049535E-11, 0.021949318259174972, 4.9811702895103255E-5, 0.0014239169382905337, 0.003525085155457851, 0.8841667091168735, 0.016283699837840112, 5.611614189779443E-4, 8.072100210353452E-4, 6.96220770391174E-5, 0.025694110324063938]

