Token set: [*, +, -, ., /, 0, 1, 2, 3, 4, 5, 6, 7, 8, 9, =]

bounds = [6.0330048, 174.07272, 170.64449, 313.6841]
recogWinner = 2
recogPs = [7.73305122015397E-5, 8.324830880013738E-5, 1.682398958274523E-10, 0.016715907549624657, 0.002059533917704098, 3.412423726845473E-8, 0.014566835890473228, 0.9904469450365935, 4.1824372691887715E-11, 5.758156074563517E-6, 1.3166931267344468E-5, 1.1032186792089481E-4, 2.6936589898562146E-12, 4.2057331411770915E-11, 5.292732453586242E-9, 0.007117885780727935]

bounds = [174.63617, 195.61798, 239.50104, 262.76514]
recogWinner = *
recogPs = [0.228289352137282, 0.002504148950728278, 8.245066954445089E-6, 0.0038138082513159348, 0.0029326747881450576, 8.02289309993654E-20, 0.023482236762412727, 1.0300197227345214E-5, 1.6397977639172147E-9, 0.004393789537205882, 2.286955621615626E-6, 1.714793109339487E-6, 1.4768165755115661E-8, 9.723479237078136E-7, 1.1077294387672348E-7, 2.1871693230277404E-10]

bounds = [259.45947, 199.61298, 315.34302, 270.02496]
recogWinner = +
recogPs = [0.03972213906127072, 0.8548713815404103, 1.2763174067209033E-8, 0.002431803211206678, 4.373306616567642E-9, 6.178333073877092E-12, 0.0013750952520666703, 9.46200447953304E-13, 2.8714021785044338E-8, 0.7558844525552997, 2.5493253405771374E-9, 2.6826256895294886E-5, 1.3496047647801567E-17, 3.1888026015469395E-10, 1.4362817465243886E-9, 1.9198572352462294E-11]

bounds = [324.82327, 171.52399, 433.8255, 302.4844]
recogWinner = 3
recogPs = [5.957435485092678E-10, 8.534327523618787E-4, 8.701140621534951E-15, 0.001162850796125247, 2.6726560926619134E-9, 8.626010931083466E-19, 6.505820635205158E-11, 3.4718205166103476E-12, 0.9595925602533948, 2.6054113815233397E-8, 2.0082118332307118E-10, 1.3570297489104522E-16, 8.283022149200497E-12, 3.0248508578085447E-12, 2.8864797301876746E-5, 2.2635433489357112E-10]

