Token set: [*, +, -, ., /, 0, 1, 2, 3, 4, 5, 6, 7, 8, 9, =]

bounds = [91.7486, 167.55023, 205.57172, 313.47067]
recogWinner = 8
recogPs = [2.836824490231532E-7, 7.329400519228292E-10, 4.2037260981387104E-10, 0.0021331922283202433, 0.0024452440912627366, 2.788582602431829E-17, 0.0032452634021700915, 6.402662570872486E-7, 0.18225492138183894, 1.9394183424940798E-9, 8.732839054281835E-4, 1.6785143382232176E-4, 1.0639124319215329E-9, 0.9482904294329296, 0.017650251897358304, 1.74713424682513E-11]

bounds = [280.4158, 37.81523, 293.38876, 91.74782]
recogWinner = 1
recogPs = [0.031241937338253915, 7.021738980285356E-7, 1.309011419924083E-7, 0.018094224163086075, 0.21668213608342984, 1.0E-20, 0.5900189853311157, 0.09748995024658519, 3.405544051103007E-10, 1.1043544737627807E-7, 2.787668781852325E-5, 1.4333518529094458E-11, 1.2232426283152107E-9, 7.79998182932524E-9, 7.808418773395553E-9, 1.090668712076731E-5]

bounds = [245.48856, 101.73534, 338.57385, 106.98462]
recogWinner = -
recogPs = [6.150819195638936E-9, 7.094030036113293E-4, 0.9994492225231734, 0.04379530759570394, 5.880809821062319E-4, 1.0E-20, 1.8234878295776072E-9, 3.2798779938411087E-9, 1.2201241678309537E-11, 1.203807948508133E-6, 4.2083371817363166E-8, 3.8662857141902775E-10, 1.6827449254062316E-16, 1.626490897281935E-17, 9.238740180189573E-18, 4.420120105409868E-6]

bounds = [250.94873, 116.71661, 342.2869, 174.6442]
recogWinner = 2
recogPs = [0.0027557658053327353, 1.577137445480395E-4, 4.386019667500023E-10, 0.0022431047129371348, 0.0077128552060056815, 1.642340948391894E-7, 0.014314181880495169, 0.9764501947299019, 6.868926248169072E-8, 0.00200730067272439, 1.1609795102400847E-7, 0.05186875934229191, 1.2941783988207325E-17, 3.203923627431532E-9, 4.171355822893296E-13, 2.257491892451539E-4]

