Token set: [*, +, -, ., /, 0, 1, 2, 3, 4, 5, 6, 7, 8, 9, =]

bounds = [49.177628, 234.25183, 192.59875, 372.26303]
recogWinner = 2
recogPs = [9.044668744518084E-6, 4.801242883757393E-8, 7.782492047330886E-12, 0.01623264490784255, 5.717350837500631E-4, 1.2974574453882992E-12, 0.07244494280182918, 0.9721037792083801, 1.5524434907368146E-11, 8.618115596548936E-5, 3.901668451303574E-8, 4.736915709004543E-5, 1.0543969743403052E-12, 8.275635063591219E-12, 2.2318878197613008E-11, 9.211785660206058E-5]

bounds = [205.2132, 123.70787, 264.44907, 213.59552]
recogWinner = 6
recogPs = [3.557448082055135E-9, 1.1823193597831162E-7, 1.1286044736558379E-4, 0.001244494972168488, 1.106574245496907E-9, 2.9863589829443723E-6, 9.116160801371972E-4, 1.0E-20, 1.0E-20, 0.13238738665453537, 4.567861325300921E-5, 0.984184838250453, 2.3741351794706403E-20, 2.049594730817744E-10, 1.175811085477571E-11, 4.48925633554432E-8]

bounds = [284.86258, 125.70537, 343.28482, 226.57928]
recogWinner = 4
recogPs = [0.0035474288340422047, 0.003933751563709298, 3.46443514692159E-11, 0.006245383475800051, 3.6722392015123123E-9, 4.960092622081295E-9, 0.00364866918704512, 1.0E-20, 1.0361915550990532E-15, 0.8577915695532484, 3.5025985326626435E-10, 0.005180754995330502, 1.1960696914762772E-15, 3.450269105474152E-12, 3.0506189984622547E-12, 1.321993253265198E-10]

