Token set: [*, +, -, ., /, 0, 1, 2, 3, 4, 5, 6, 7, 8, 9, =]

bounds = [21.90422, 149.67542, 172.64032, 324.45694]
recogWinner = 2
recogPs = [6.413434396206881E-5, 1.6115148193479412E-7, 5.446438233449751E-13, 0.005659336520239326, 2.1876567374662446E-4, 2.1128382482168518E-11, 0.005485242158151082, 0.9516212399006639, 2.4007838552164164E-11, 1.1285994675668572E-5, 1.5130925295057383E-8, 5.255582868519405E-7, 1.5147836528529494E-14, 1.2128292075058073E-12, 1.2829051565980852E-10, 2.576118500795837E-4]

bounds = [193.59668, 89.75032, 266.44492, 170.56839]
recogWinner = 5
recogPs = [1.1270016296402818E-7, 6.786328162306737E-5, 3.155018933413287E-4, 0.01365044323416438, 7.660736969817096E-5, 2.135974080925315E-6, 0.01398817022347378, 8.379912191196026E-15, 1.7489076770355088E-10, 0.0029105016629589996, 0.815124532719621, 0.04507830595092425, 1.9044388813333852E-7, 0.001395053237313901, 0.002390744397060647, 0.14269771599569703]

bounds = [306.36176, 115.71785, 330.31186, 121.71037]
recogWinner = -
recogPs = [2.884979470727287E-4, 2.3247573798187778E-4, 0.922965184982987, 0.0015075174408315567, 0.28122783846925536, 1.0E-20, 0.0022047384284643945, 9.999513901803719E-15, 1.8300023746709827E-5, 4.989078742777837E-7, 8.78426544424042E-5, 6.006438050221504E-10, 3.1091948627029717E-6, 3.868730387377582E-6, 2.481312529443518E-6, 1.602483909738587E-4]

bounds = [379.20996, 75.76779, 399.1684, 175.64294]
recogWinner = 1
recogPs = [6.488685292275652E-12, 1.1693103721273873E-12, 2.6957881889478943E-5, 0.002940638547439503, 1.8053099074456567E-5, 9.556618026427059E-9, 0.8298538297373578, 1.0E-20, 1.0E-20, 0.0011902272298206552, 3.0694490620923155E-5, 0.03443682453605828, 2.222022506953948E-12, 4.7975478614659365E-14, 2.0372481421128484E-13, 3.680532440779933E-10]

