Token set: [*, +, -, ., /, 0, 1, 2, 3, 4, 5, 6, 7, 8, 9, =]

bounds = [44.905083, 166.65417, 92.806656, 325.4557]
recogWinner = 1
recogPs = [1.210213237002424E-5, 3.0106541274923226E-7, 9.372056636927246E-4, 0.01667233035029475, 0.3142030027090848, 1.0E-20, 0.3738196356014261, 4.583431881016101E-6, 1.0939699143812224E-8, 9.191151780748221E-9, 1.864740683522665E-7, 9.120126189106759E-11, 2.571762119423671E-5, 1.4734766243943914E-9, 2.263442395093346E-5, 1.8103205043593697E-11]

bounds = [130.72765, 320.46194, 140.41872, 329.08337]
recogWinner = .
recogPs = [2.1671498136734393E-5, 1.192855489404488E-4, 1.017148742843209E-11, 0.9749913989701776, 3.453031876048391E-7, 3.344253823012867E-17, 1.3172236264983349E-5, 9.20575006238485E-11, 5.552668128334217E-19, 2.667567101233144E-6, 1.5399795830873775E-8, 1.8247530026973974E-8, 8.429754729532139E-19, 6.180112817403781E-14, 2.6626712151399673E-15, 1.399264012602288E-10]

bounds = [186.78738, 187.53378, 273.8722, 306.0877]
recogWinner = 2
recogPs = [2.9965209487023504E-8, 2.132579665692975E-5, 5.611517019019281E-15, 0.031048085547778614, 4.6592381829140584E-8, 1.3081432314729102E-12, 2.8197690466172414E-7, 0.9822189342009432, 6.551496617663867E-8, 7.375007697774907E-9, 3.394110440403616E-8, 1.0411127847928816E-10, 5.0969700313670797E-17, 1.5849171676747723E-14, 2.902232333955208E-10, 1.1084695036011474E-4]

bounds = [332.0852, 185.63046, 423.45297, 289.50064]
recogWinner = 0
recogPs = [4.130084750064169E-13, 1.0E-20, 2.2803859395791336E-20, 0.0013840835029258754, 1.5571583462958928E-13, 0.9997853139802297, 0.011516712187965721, 1.0E-20, 1.0E-20, 2.9528448908353917E-7, 1.0147553513541162E-12, 1.2254903592341022E-4, 1.0E-20, 6.488913786059873E-18, 3.857143958761321E-20, 1.0E-20]

