Token set: [*, +, -, ., /, 0, 1, 2, 3, 4, 5, 6, 7, 8, 9, =]

bounds = [170.23524, 125.72719, 379.01196, 331.98105]
recogWinner = 0
recogPs = [2.2210444293297516E-10, 1.5745453011619952E-15, 2.7138201405312564E-16, 7.069125846502932E-4, 1.0678376573260143E-10, 0.9973331460797747, 0.0011105591584716346, 1.0E-20, 5.474974354806152E-13, 2.3563812189516485E-7, 4.738083640742681E-8, 1.020181257747899E-4, 1.0E-20, 5.007944978795348E-10, 3.641040534732713E-8, 7.381284449703955E-19]

