Token set: [*, +, -, ., /, 0, 1, 2, 3, 4, 5, 6, 7, 8, 9, =]

bounds = [28.440748, 141.6854, 175.13513, 346.73126]
recogWinner = 4
recogPs = [0.03698579388853855, 0.5347299756165929, 1.3606395370293762E-8, 0.005249133569919428, 1.5859939515454294E-9, 1.525234883777782E-11, 0.001396428099738435, 1.0E-20, 6.635276508106E-12, 0.7725721171092265, 1.4869240712321533E-8, 3.1312606118020895E-4, 2.137751129882002E-15, 3.1900612318324163E-10, 8.647552515958091E-10, 2.0808237070982427E-11]

bounds = [225.22536, 33.82022, 289.48376, 88.75157]
recogWinner = 3
recogPs = [0.003004699119948074, 2.978936890505952E-4, 1.726416584445039E-5, 4.415483495079371E-4, 0.012111647787502514, 1.0610341829550455E-9, 0.009817159217686222, 0.008763653445572676, 0.8311456339683534, 1.6731467376095074E-4, 0.032633534191658195, 0.007027974831692094, 2.0116920855482165E-7, 0.016233634225699768, 1.208224581685103E-4, 0.027682813005199734]

bounds = [191.60083, 100.73659, 317.33887, 107.727844]
recogWinner = -
recogPs = [3.095185069614002E-8, 3.9362775308263086E-5, 0.9996826019050048, 0.00133029615367587, 0.005521451452657631, 3.866328198277428E-14, 6.61123787278136E-8, 1.0E-20, 1.0762157927447149E-12, 2.3975407147558376E-4, 1.8034449154251097E-7, 1.7050355403170892E-8, 1.1368057161668573E-6, 1.4755511555456936E-15, 1.4440684438874653E-12, 5.689602323772885E-8]

bounds = [229.35088, 113.72035, 311.35135, 166.65417]
recogWinner = 2
recogPs = [2.3143711892506563E-7, 5.298366224074292E-6, 6.360990459942542E-9, 0.0028234904431851146, 3.688753665928044E-5, 1.688470991021891E-10, 0.0027737475933885137, 0.931474962366457, 4.701735460687456E-14, 3.066788402738151E-4, 3.0950928102969806E-8, 0.0010680238514752145, 1.3419450079707895E-14, 9.785415810546835E-13, 6.833344446448823E-13, 6.003266467231364E-4]

