Token set: [*, +, -, ., /, 0, 1, 2, 3, 4, 5, 6, 7, 8, 9, =]

bounds = [151.54741, 101.057755, 338.29523, 286.88284]
recogWinner = 2
recogPs = [1.5111385671093912E-5, 2.958004862012769E-7, 2.413540117712982E-12, 0.03959487230271503, 0.0013656905969574762, 5.82050263130853E-15, 0.06811941861598785, 0.9981935309870913, 8.031009649062652E-13, 8.511817658862283E-9, 1.0544163070730072E-10, 5.542502508303536E-10, 1.0E-20, 7.20684364368534E-15, 1.0109294819550718E-12, 3.1690502386799197E-6]

