Token set: [*, +, -, ., /, 0, 1, 2, 3, 4, 5, 6, 7, 8, 9, =]

bounds = [61.521442, 155.91388, 164.65697, 340.81213]
recogWinner = 0
recogPs = [2.4906291173023323E-6, 4.223776314092605E-14, 4.10054095482059E-11, 0.001036158185948096, 2.93116788423111E-12, 0.9740360460353193, 0.0036341596538292313, 1.0E-20, 1.0E-20, 0.048220009643983625, 1.7668844969041724E-8, 5.998269223000604E-4, 4.151945940540736E-18, 4.7623127313546986E-18, 1.0E-20, 2.6472929838565503E-14]

bounds = [209.56342, 333.4457, 219.54262, 347.42822]
recogWinner = .
recogPs = [4.7451480940615E-8, 6.064898156486921E-7, 1.7666264291744818E-18, 0.9999687429491291, 4.3694128672381136E-7, 1.0E-20, 7.846545585192452E-10, 1.7602062631847986E-11, 1.0E-20, 6.04014226465114E-12, 4.662451900438599E-16, 1.5893631354175995E-17, 1.0E-20, 1.0E-20, 1.0E-20, 6.172208777497341E-16]

bounds = [251.47609, 172.6467, 372.9702, 345.43073]
recogWinner = 0
recogPs = [4.485204452285674E-10, 3.2604068633141165E-15, 2.616236212938397E-13, 0.0019439691685686658, 6.410093007689662E-11, 0.9934813565077818, 0.006335035215105927, 1.0E-20, 2.6770560451153005E-16, 1.2352444281504162E-5, 1.4853315666194245E-8, 0.0011945241520734302, 9.083999556286721E-18, 2.5895013822587512E-12, 2.2661340984010096E-11, 8.277078730060543E-17]

bounds = [374.71936, 180.06082, 471.0187, 337.4407]
recogWinner = 2
recogPs = [1.0493719775893625E-4, 2.292751667221309E-6, 1.321759573902636E-10, 0.0032792704319113894, 2.607427378561653E-5, 1.633644393871383E-9, 0.0018802710918199017, 0.18293829574240905, 5.9408476670189195E-6, 3.228535453513966E-4, 1.5869106598074513E-9, 7.562661091751029E-7, 5.6529360087597236E-12, 2.4761715773803553E-7, 1.6790032543958905E-5, 1.0989760084724267E-6]

