Token set: [*, +, -, ., /, 0, 1, 2, 3, 4, 5, 6, 7, 8, 9, =]

bounds = [91.35328, 45.805252, 243.09042, 229.57553]
recogWinner = 5
recogPs = [0.0013465703563650788, 0.0036537421928958184, 4.997156278931182E-4, 0.020546237723322203, 0.0011044184599230387, 9.875761534643161E-9, 0.005073914661019554, 6.653536240887683E-4, 0.0010107186462423787, 0.004421555881475044, 0.9561948324732678, 0.0035932316925340107, 1.2339261335328887E-5, 0.04922569920289917, 6.450534818294161E-4, 0.004173201084505234]

bounds = [71.35135, 44.806488, 379.20996, 349.9251]
recogWinner = /
recogPs = [0.0011601822188624079, 1.3328576138341857E-7, 5.991041243468366E-4, 0.013793857313869243, 0.7109340352328507, 1.0E-20, 0.39483304593022855, 5.03636548329292E-7, 1.6323639829578136E-13, 5.916767961284498E-10, 1.3849664170058153E-7, 6.366331993680706E-12, 2.1322744912076234E-11, 5.605460400326954E-10, 2.5647639523300893E-6, 1.219774651902673E-13]

bounds = [204.5738, 283.50812, 289.3971, 287.94635]
recogWinner = -
recogPs = [1.7420847027484242E-8, 0.0010563218286279222, 0.9993991121321987, 0.027979398903434375, 2.0848044042924945E-4, 1.0E-20, 2.9621476346101763E-9, 4.9635174949735556E-8, 5.945772785476313E-13, 4.511477038830166E-8, 1.78674613043869E-10, 2.535121466769291E-12, 2.0126681091798626E-18, 5.353609995685123E-20, 8.551846674752841E-20, 2.8885497788059737E-7]

bounds = [311.49216, 216.16937, 460.04156, 350.92264]
recogWinner = 2
recogPs = [2.3330218471788067E-9, 8.093539615796472E-7, 7.744323906603642E-14, 0.01446569526715585, 2.8978344446281514E-7, 1.887947718004861E-12, 2.5655421750039712E-5, 0.9630032724034248, 2.138687744172067E-12, 6.41596950922623E-6, 9.074166065210745E-10, 1.2942535549052257E-6, 1.0072960718100928E-12, 1.7365064198162748E-15, 1.2368164965801865E-13, 1.7509920766342905E-4]

