Token set: [*, +, -, ., /, 0, 1, 2, 3, 4, 5, 6, 7, 8, 9, =]

bounds = [41.91268, 262.53433, 132.7235, 285.5056]
recogWinner = -
recogPs = [7.913009915095031E-4, 2.67773952231195E-5, 0.5681387505018345, 0.0025811546472845354, 0.3267278006531144, 1.0E-20, 0.06724889024274526, 4.918235475503116E-4, 4.6109209580937296E-5, 2.5768202596440466E-7, 5.8288164207576805E-5, 2.1100035437157486E-10, 4.543829324174794E-5, 5.422271322420603E-10, 6.299895256825425E-8, 2.8547445415627626E-5]

bounds = [174.63617, 201.6105, 199.5842, 349.42572]
recogWinner = 1
recogPs = [3.5148948893086465E-6, 8.151811646010213E-11, 1.5170988959412825E-8, 0.0236812516010959, 1.7590937306943718E-8, 1.0E-20, 0.968557844923061, 1.0E-20, 1.0E-20, 0.00106915948672302, 1.1500596433182345E-4, 8.08249014785081E-7, 1.2254100302960922E-16, 1.0597737868417156E-10, 2.3173189164420077E-19, 1.0710311972889297E-12]

bounds = [264.44907, 334.44446, 272.43243, 358.4145]
recogWinner = .
recogPs = [7.801042040827043E-6, 0.0013677545650397787, 1.2646214862724133E-15, 0.9972721875562678, 7.239794744708688E-6, 1.0E-20, 6.221888375350128E-6, 4.043465320708848E-16, 1.0E-20, 2.0728468330851862E-8, 9.208112257224785E-12, 2.5352579636672435E-13, 1.0E-20, 1.386489135041651E-13, 4.893820244205932E-11, 9.548107560925169E-15]

bounds = [313.34717, 207.13339, 420.12473, 337.4407]
recogWinner = 2
recogPs = [3.384164578921543E-6, 4.994400567203676E-6, 1.2121054075291037E-12, 0.008880865598424164, 3.427353515515344E-4, 4.274766369692323E-13, 0.010060788977319931, 0.9956733163028006, 3.8649932299458584E-14, 2.523124717869389E-7, 1.0569986885596496E-10, 1.0072800759216497E-6, 1.0E-20, 1.4942234713562061E-15, 1.0478548198794789E-14, 6.9789587204645524E-6]

