Token set: [*, +, -, ., /, 0, 1, 2, 3, 4, 5, 6, 7, 8, 9, =]

bounds = [69.85447, 157.68451, 187.50562, 307.6454]
recogWinner = 3
recogPs = [1.0340217711652972E-18, 5.619097864588936E-19, 1.0338544985396388E-4, 0.0016468473668988244, 0.0025493567011922675, 9.155810759542441E-4, 2.015840625490482E-5, 2.4496884200359627E-4, 0.979122805325887, 1.0E-20, 0.03218657643256574, 1.3130910657897986E-19, 0.04573686508357372, 0.03002404450720074, 0.015039652988811839, 0.001864938375047599]

bounds = [197.58835, 136.69164, 367.23492, 311.47318]
recogWinner = 4
recogPs = [3.164667236558342E-14, 0.02200773600347399, 9.146879740552702E-14, 0.005522669647071826, 1.5186899364011265E-6, 1.0E-20, 0.004762689293583846, 5.8884389497972155E-6, 1.0E-20, 0.9719529669125224, 1.2413836370268744E-6, 1.2637167661778672E-4, 1.3522801116480554E-5, 1.716634734102026E-5, 8.024657273992882E-10, 0.0013034754975819716]

bounds = [373.849, 71.70477, 466.17938, 153.67041]
recogWinner = 5
recogPs = [9.695208642590612E-12, 4.49408076488547E-12, 1.678595597993664E-8, 0.010446544041948403, 0.002671265335723937, 2.3682353639160276E-11, 0.012702782401982159, 4.6185586116469465E-5, 0.004113931417141201, 3.008273946678267E-11, 0.8615104629078504, 4.5215423991654886E-15, 3.405816374962364E-4, 0.0057512831093650685, 7.625705544071533E-10, 0.042682065401115375]

