Token set: [*, +, -, ., /, 0, 1, 2, 3, 4, 5, 6, 7, 8, 9, =]

bounds = [104.78171, 229.07617, 212.55716, 241.56055]
recogWinner = -
recogPs = [6.871980978684566E-7, 0.0012132168866392046, 0.996286828268711, 8.692871304941204E-4, 0.004050274161014454, 7.612742950350215E-10, 2.0114368597172299E-7, 3.630109764668208E-7, 4.1051318427269524E-4, 6.242600494826321E-5, 8.927932252324831E-8, 4.428763996751664E-8, 5.714457864352784E-7, 4.964856094982227E-10, 9.942057807938132E-11, 4.232777955418959E-7]

bounds = [279.41788, 149.67542, 287.40125, 298.4894]
recogWinner = 1
recogPs = [1.0259677472177486E-7, 3.346884382012852E-5, 8.938483505373269E-5, 0.009458972616443732, 0.07733208565557859, 1.0E-20, 0.4087812545686104, 1.066237134947196E-4, 3.6414303332126434E-14, 6.479439874616123E-5, 7.3271599376163615E-9, 1.963223740340688E-8, 2.9702596374436226E-7, 8.872988023202762E-13, 1.7001568651637835E-6, 4.1969768829525553E-11]

