Token set: [*, +, -, ., /, 0, 1, 2, 3, 4, 5, 6, 7, 8, 9, =]

bounds = [59.87526, 287.06326, 126.93765, 299.48816]
recogWinner = -
recogPs = [1.8602162123560544E-7, 2.30219167128944E-6, 0.9984143140906097, 0.003044916166657026, 0.1492236751304911, 1.0E-20, 5.057994203858446E-7, 3.488388687441133E-8, 1.345182413798089E-5, 3.5585285159221073E-9, 1.0873254621786245E-7, 6.27249559607601E-17, 7.558234635412462E-8, 3.754621779768608E-13, 6.624336036327791E-11, 1.2023602454148977E-7]

bounds = [163.23596, 236.5668, 198.58627, 360.412]
recogWinner = 1
recogPs = [2.466671750641357E-5, 4.62204350127208E-9, 2.5062526744573986E-7, 0.03880118387915588, 0.28535176819588426, 1.0E-20, 0.8782491917696864, 2.892895499820737E-11, 1.9678037548152244E-17, 3.797366486471647E-6, 1.2577926600845643E-10, 7.996849789851997E-16, 8.179940208087536E-11, 3.215978857683392E-13, 1.476549578017184E-7, 3.4825140971160672E-15]

bounds = [239.15485, 238.4407, 369.34457, 340.78345]
recogWinner = 2
recogPs = [2.978397664719248E-4, 1.4011103555921193E-5, 1.398788629821015E-9, 0.005547410866849768, 0.0013712778962559889, 1.0414919417033646E-8, 0.020661423963740832, 0.9690933077440547, 1.7969655193231932E-10, 1.180142227663797E-4, 7.236629977231184E-9, 0.011020005478941814, 7.968116872692766E-14, 4.774998471453553E-11, 9.722009855237116E-13, 1.2643373883856077E-4]

