Token set: [*, +, -, ., /, 0, 1, 2, 3, 4, 5, 6, 7, 8, 9, =]

bounds = [49.89605, 145.6804, 174.74408, 330.04868]
recogWinner = 0
recogPs = [1.4852582829683433E-10, 7.055981292232105E-15, 1.5659203485710662E-16, 9.651135638853923E-4, 7.485046627535385E-11, 0.9872574836582577, 0.00290898868203407, 1.0E-20, 4.130303679699127E-12, 3.897286257627241E-7, 4.5996883074064174E-8, 7.99961818481803E-5, 1.0E-20, 2.198282652108548E-9, 5.714556395095424E-6, 4.879781476064066E-19]

bounds = [230.51974, 182.63422, 304.3659, 258.53934]
recogWinner = +
recogPs = [0.14705806264260535, 0.35320189131328705, 2.9008746760248445E-9, 0.010424412100546772, 3.5215161617198064E-9, 1.5238229919455977E-17, 0.005918007862237833, 1.8308699003410248E-12, 0.0011465070304826812, 0.021131625814609575, 5.216840450261114E-7, 1.0027104753495867E-9, 1.257095895690695E-11, 1.6359391957761656E-6, 0.03225906255492708, 1.1520821395525635E-10]

bounds = [335.60513, 149.67542, 441.0811, 331.9925]
recogWinner = 0
recogPs = [2.502184903701967E-5, 3.0295705442670445E-10, 6.392593657274381E-10, 9.960456823713542E-4, 5.930290123688647E-10, 0.918111513337172, 7.935822693118722E-4, 1.0E-20, 1.6288789834515942E-11, 0.00861372670444755, 7.674314295210444E-6, 5.785677784287323E-4, 1.1561682446842628E-12, 4.651641796318727E-9, 1.1316561399103492E-7, 1.2818501688819007E-12]

