Token set: [*, +, -, ., /, 0, 1, 2, 3, 4, 5, 6, 7, 8, 9, =]

bounds = [39.91684, 120.71161, 49.89605, 276.01746]
recogWinner = 1
recogPs = [0.006418344476675846, 5.00411282583603E-5, 2.30999443076508E-7, 0.0027347858645727957, 0.09482372019249082, 1.8623539134973984E-16, 0.29095063211258976, 0.14116280084091345, 1.727204655880639E-7, 5.846377402944052E-6, 1.5760389906482635E-5, 4.52777915865193E-9, 1.4099220275285289E-6, 2.0207532053611436E-8, 4.68041553542514E-8, 3.3649186392603874E-4]

bounds = [104.78171, 158.66418, 150.68607, 224.2904]
recogWinner = +
recogPs = [0.151283780044071, 0.846318247063907, 1.7044626419103178E-10, 0.003060979982085521, 1.599292494448414E-5, 9.071658789562934E-19, 1.6045272837386039E-4, 7.216952634822096E-9, 8.202977795785197E-7, 0.006448780491873965, 2.335082197310369E-11, 3.236372615308349E-8, 2.6684071473282907E-19, 3.772248960420631E-11, 1.1916716024308637E-8, 1.7776035739419372E-13]

bounds = [219.54262, 193.62048, 264.44907, 202.60925]
recogWinner = .
recogPs = [6.613940103358105E-8, 9.845203545488847E-5, 0.05454586829268806, 0.6139029431921748, 8.672166948650275E-5, 1.0E-20, 1.6812689281892567E-9, 7.976483095513832E-11, 1.756288240546484E-14, 1.0242925517585387E-8, 1.2146803258762406E-10, 6.901248881766742E-13, 1.0E-20, 4.161034263331214E-15, 1.7189617809337278E-15, 1.7572431582364247E-8]

bounds = [269.34842, 117.383545, 366.237, 253.54556]
recogWinner = 2
recogPs = [0.008922935012388234, 9.263885160328892E-5, 7.3020975724549835E-9, 0.01901526398666116, 0.007215866519341877, 6.3895701698503924E-9, 0.026695464426462957, 0.9893158625050267, 3.4484611215451895E-8, 2.070699182813067E-5, 1.3788080637370303E-5, 4.4359473693062764E-4, 6.021625535680722E-12, 2.582240836898096E-9, 3.673543475310803E-11, 0.0016148530383675007]

