Token set: [*, +, -, ., /, 0, 1, 2, 3, 4, 5, 6, 7, 8, 9, =]

bounds = [113.76409, 93.745316, 211.67043, 266.47437]
recogWinner = 6
recogPs = [1.2549967967532202E-15, 1.0E-20, 7.973286532353255E-12, 0.004064919419268974, 2.790266604098946E-4, 1.0E-20, 0.014433955401045424, 6.115035274700998E-7, 1.0E-20, 4.038093961013229E-9, 0.001092755407099756, 0.9923273022159798, 9.755810530919552E-8, 0.007962314724484793, 1.0E-20, 0.0014171634978356004]

bounds = [243.52895, 56.674393, 281.5901, 128.18274]
recogWinner = 9
recogPs = [1.344002578509136E-8, 6.0828143123017875E-6, 6.473463265297143E-14, 0.0014292242523560041, 0.0014006326117054877, 2.1645224249011243E-6, 1.550353678005451E-5, 2.4826099213577563E-13, 6.292855220336625E-10, 1.0E-20, 0.024440114630167042, 1.0E-20, 0.003936987762558634, 0.003124825462798341, 0.8305851060065818, 1.7206331243812018E-4]

