Token set: [*, +, -, ., /, 0, 1, 2, 3, 4, 5, 6, 7, 8, 9, =]

bounds = [18.960499, 226.47403, 94.80249, 229.6311]
recogWinner = -
recogPs = [5.280630354217161E-8, 4.369599675260634E-4, 0.9997435737890543, 0.039135480260277654, 6.874482219693689E-4, 1.0E-20, 1.5364465986207116E-9, 1.0212834489566646E-7, 2.734419460772867E-12, 1.0172101879953264E-7, 1.4104252441241686E-9, 4.212158422845166E-11, 6.044944348759006E-16, 1.9961579654398185E-19, 1.5366627649650912E-19, 7.727686716085988E-7]

bounds = [137.62042, 159.66293, 161.66321, 311.6587]
recogWinner = 1
recogPs = [0.004255615481753367, 1.552648460410022E-4, 9.224781668777964E-8, 0.02562786596803218, 0.029827416596102847, 1.0E-20, 0.1192188620931014, 0.0027719062280186875, 3.127810811591153E-8, 3.1376031012863814E-9, 1.3478584636732212E-6, 2.302501768348783E-12, 5.673880863306755E-9, 4.161105271231885E-10, 5.821361966666959E-10, 2.3407391240672448E-4]

bounds = [209.56342, 186.62921, 281.41373, 251.98401]
recogWinner = +
recogPs = [0.050122200945632314, 0.8096581559112332, 5.3965176467273425E-8, 0.0016404454445130608, 1.3118370001027847E-4, 7.158574679478268E-9, 0.002056099522946273, 7.810727904391597E-9, 3.1374739704669306E-7, 0.2014336733311519, 5.295391008397724E-9, 6.556514096549247E-5, 4.027675250320676E-14, 6.3571495787467505E-9, 1.6398224064344378E-10, 1.0272938593638883E-8]

bounds = [327.31808, 232.57178, 380.2079, 234.5693]
recogWinner = -
recogPs = [1.1741641719019148E-10, 1.22054331012599E-5, 0.9999867156984625, 0.004651087961265547, 7.606603691195337E-6, 1.0E-20, 3.0243584253840955E-9, 1.309711659309099E-16, 1.3963705036138368E-13, 1.1451818073394514E-7, 1.0639200713899506E-12, 2.1155515071058466E-13, 1.0E-20, 1.0E-20, 1.0E-20, 2.1833632771380025E-8]

bounds = [379.73718, 142.68414, 472.01663, 297.6913]
recogWinner = 3
recogPs = [4.34869084114977E-4, 4.0927131445838104E-5, 3.655391183213105E-5, 5.112257113107271E-4, 7.901076153146181E-4, 6.534890171912077E-10, 0.0042880230892460925, 8.605143317985058E-5, 0.9196926376986536, 8.968791068548757E-6, 0.03585373690632013, 0.014880404241673547, 5.908418241434053E-6, 0.008214234714060992, 6.763592831051853E-5, 0.007918053731229516]

