Token set: [*, +, -, ., /, 0, 1, 2, 3, 4, 5, 6, 7, 8, 9, =]

bounds = [51.91757, 77.765305, 196.59044, 233.57056]
recogWinner = 4
recogPs = [0.028337930337596514, 0.0015153914269763384, 5.170369381863087E-4, 0.0031164336764243385, 4.151964310359047E-4, 1.7699899413664554E-7, 0.015564733091460546, 0.015836042062296482, 1.7626750019124073E-7, 0.5751469517862471, 5.442167750117235E-4, 0.041584728214412794, 4.3151291032004774E-10, 7.180527248110671E-7, 1.7910887986180468E-9, 0.002314726335122117]

bounds = [95.899284, 80.76155, 346.2786, 341.80493]
recogWinner = /
recogPs = [1.2867426276570131E-5, 1.4704110655495157E-7, 7.85148347643427E-6, 0.08150460411422028, 0.667626616047412, 1.0E-20, 0.29067970876866756, 1.3930328336631116E-5, 8.767893412838087E-14, 1.8919833921613885E-9, 1.0224094161482439E-8, 9.429561181089575E-11, 2.1024683586666264E-9, 7.086658713933181E-14, 2.103133425842801E-10, 4.467242347102152E-11]

bounds = [284.40747, 211.59802, 396.17462, 330.44943]
recogWinner = 8
recogPs = [0.0010649112056106754, 5.30205284918767E-5, 9.928191361177235E-5, 0.005515036490659691, 0.003436367585820393, 1.727476936900374E-9, 0.007497135787218909, 9.106016036782788E-6, 1.8263752929052876E-6, 3.670348036510074E-4, 0.17906446367912443, 0.004926904775064338, 4.904073644935242E-8, 0.9375376762434342, 0.09838087818176298, 7.353058380924071E-8]

