Token set: [*, +, -, ., /, 0, 1, 2, 3, 4, 5, 6, 7, 8, 9, =]

bounds = [54.885654, 281.51062, 110.769226, 285.87958]
recogWinner = -
recogPs = [2.5551094138396907E-4, 1.7549124483926497E-4, 0.9974793942474428, 0.09332552871849698, 6.527688491437157E-5, 1.0E-20, 3.716805635029864E-4, 7.101006152581966E-5, 1.0E-20, 4.2957856906745186E-16, 4.424646752869193E-9, 3.3281469958490476E-16, 4.50595687605411E-7, 2.315552167601164E-18, 1.0E-20, 0.003918854880280586]

bounds = [147.14973, 201.6105, 259.45947, 317.00995]
recogWinner = 2
recogPs = [2.7895929432045358E-14, 1.7946764675803727E-15, 1.0E-20, 0.001833888587339589, 1.6712325746463996E-14, 1.0E-20, 1.5049553675178556E-15, 0.9965781428486473, 2.8981627366564056E-11, 1.0E-20, 1.0E-20, 1.0E-20, 7.145628502809922E-4, 1.0E-20, 1.0E-20, 1.459812179071277E-4]

bounds = [317.72388, 190.28711, 421.12265, 330.39856]
recogWinner = 8
recogPs = [9.225227023317728E-18, 6.189778679379534E-16, 8.409563412162586E-5, 0.003803021330702343, 3.932110291753821E-4, 1.0E-20, 0.00780809728958842, 5.863675527677394E-14, 1.0E-20, 1.4824464476672914E-9, 0.059492454835858834, 3.387551872656527E-6, 2.4763734184595106E-4, 0.985136587458172, 2.737717637864027E-7, 0.00118693018785763]

