Token set: [*, +, -, ., /, x, 0, 1, 2, 3, 4, 5, 6, 7, 8, 9, =, (, ), X, root]

bounds = [0.23157, 0.16181, 0.61406, 0.88192]
recogWinner = root
recogPs = [0.00, 0.00, 0.00, 0.00, 0.00, 0.00, 0.00, 0.00, 0.00, 0.00, 0.00, 0.00, 0.00, 0.00, 0.00, 0.00, 0.00, 0.00, 0.00, 0.00, 0.00]

bounds = [0.35829, 0.27259, 0.59101, 0.85277]
recogWinner = 4
recogPs = [0.00, 0.00, 0.00, 0.00, 0.00, 0.00, 0.00, 0.00, 0.00, 0.00, 0.00, 0.00, 0.00, 0.00, 0.00, 0.00, 0.00, 0.00, 0.00, 0.00, 0.00]

